2431 4845
2 85
94 111
117 120
140 142
186 194
217 282
284 286
294 301
313 325
350 361
366 381
412 421
471 475
519 535
543 561
567 581
606 630
632 635
641 654
728 741
753 760
777 778
825 842
847 876
920 927
928 934
971 978
991 1005
1017 1054
1076 1088
1104 1159
1162 1168
1171 1199
1316 1342
1344 1366
1398 1428
1432 1435
1440 1472
1474 1484
1498 1502
1522 1556
1586 1660
1686 1700
1704 1719
1734 1751
1772 1776
1799 1803
1829 1836
1837 1848
1882 1893
1918 1921
1924 1931
1932 1942
1964 1965
1983 1990
2039 2052
2054 2059
2109 2131
2142 2159
2172 2228
2253 2298
2312 2323
2324 2336
2339 2340
2350 2374
2384 2395
2404 2424
2439 2446
2464 2506
2511 2517
2528 2593
2637 2638
2662 2681
2696 2715
2761 2798
2816 2824
2829 2863
2892 2894
2915 2934
3030 3034
3041 3070
3088 3092
3094 3095
3102 3116
3117 3123
3140 3148
3181 3195
3206 3225
3239 3269
3275 3287
3331 3332
3346 3355
3369 3370
3394 3436
3441 3446
3469 3470
3472 3490
3505 3521
3559 3628
3629 3636
3655 3658
3694 3709
3756 3775
3801 3810
3818 3851
3856 3912
3915 3925
3936 3972
3975 3984
3998 4059
4071 4114
4118 4130
4146 4153
4155 4190
4199 4207
4234 4260
4276 4283
4295 4296
4314 4315
4320 4341
4354 4372
4410 4447
4458 4469
4482 4496
4502 4520
4536 4551
4552 4557
4566 4586
4594 4607
4608 4609
4656 4661
4665 4685
4691 4703
4742 4774
4817 4827
4844 4850
4882 4884
4896 4906
4922 4930
4951 4955
4978 4984
5000 5056
5059 5071
5076 5094
5160 5173
5184 5207
5226 5237
5259 5271
5291 5294
5302 5318
5347 5396
5405 5432
5438 5502
5512 5586
5612 5633
5652 5669
5702 5707
5712 5729
5731 5744
5773 5776
5794 5819
5820 5825
5839 5844
5853 5859
5860 5861
5918 5954
5955 5980
6015 6023
6035 6057
6061 6115
6122 6125
6150 6183
6189 6250
6278 6300
6316 6328
6379 6423
6456 6493
6506 6516
6542 6575
6595 6612
6621 6654
6673 6702
6766 6768
6796 6825
6867 6871
6887 6891
6896 6921
6959 6967
6982 7010
7022 7030
7110 7130
7147 7161
7166 7205
7207 7245
7307 7322
7323 7332
7352 7374
7377 7398
7407 7416
7443 7530
7531 7540
7555 7561
7589 7614
7647 7656
7669 7673
7688 7745
7746 7778
7785 7786
7797 7820
7942 7986
7995 8005
8014 8018
8114 8161
8176 8207
8219 8251
8264 8265
8267 8302
8311 8314
8315 8326
8359 8375
8377 8388
8390 8399
8426 8442
8459 8468
8471 8482
8497 8498
8563 8586
8597 8598
8603 8616
8626 8681
8686 8699
8718 8723
8758 8770
8811 8831
8838 8839
8871 8899
8905 8912
8945 9011
9041 9050
9064 9089
9102 9106
9128 9139
9189 9195
9211 9220
9221 9240
9249 9259
9273 9278
9283 9293
9295 9304
9348 9351
9369 9403
9410 9415
9420 9426
9432 9434
9462 9467
9504 9508
9530 9540
9584 9623
9645 9648
9654 9661
9663 9669
9672 9675
9740 9770
9781 9787
9799 9811
9812 9848
9905 9908
9921 9931
9936 9954
10010 10033
10130 10132
10152 10154
10164 10196
10210 10216
10222 10243
10307 10324
10339 10341
10345 10352
10368 10384
10391 10425
10435 10449
10453 10457
10468 10473
10520 10576
10623 10637
10663 10697
10700 10760
10771 10777
10806 10809
10811 10818
10860 10870
10957 10985
10986 11021
11138 11141
11162 11163
11189 11253
11257 11270
11284 11302
11320 11321
11333 11395
11401 11451
11460 11462
11499 11537
11565 11597
11608 11655
11666 11671
11694 11744
11755 11761
11764 11774
11791 11843
11877 11911
11915 11917
11942 11947
11987 11988
12000 12020
12043 12053
12068 12081
12095 12111
12117 12159
12175 12211
12229 12247
12308 12351
12379 12384
12419 12436
12446 12452
12527 12558
12626 12641
12659 12660
12686 12715
12750 12757
12774 12795
12814 12832
12860 12865
12866 12877
12903 12954
12963 12996
13006 13022
13060 13088
13107 13115
13118 13177
13203 13207
13229 13236
13240 13247
13249 13284
13314 13336
13386 13388
13406 13434
13464 13518
13594 13619
13646 13708
13765 13772
13777 13779
13798 13815
13860 13868
13874 13928
13944 13969
14007 14044
14046 14105
14111 14114
14195 14215
14232 14247
14266 14270
14317 14333
14335 14339
14343 14375
14430 14442
14457 14476
14480 14506
14549 14560
14592 14622
14628 14653
14710 14726
14745 14754
14755 14817
14847 14863
14900 14907
14925 14939
14940 15003
15038 15060
15088 15093
15094 15104
15161 15165
15209 15230
15256 15346
15354 15359
15386 15416
15426 15438
15450 15469
15475 15502
15503 15517
15590 15602
15623 15729
15733 15737
15800 15820
15827 15834
15838 15843
15855 15861
15869 15888
15918 15955
15974 15989
16019 16026
16029 16038
16044 16058
16079 16087
16088 16154
16177 16178
16184 16206
16216 16247
16277 16279
16291 16318
16326 16340
16345 16378
16403 16430
16496 16503
16571 16575
16597 16614
16621 16669
16694 16749
16771 16791
16832 16873
16875 16905
16913 16933
16983 16984
16986 17038
17067 17069
17140 17144
17178 17195
17235 17242
17247 17249
17292 17297
17298 17314
17348 17354
17395 17412
17418 17436
17449 17462
17490 17527
17537 17543
17558 17565
17573 17603
17635 17658
17672 17681
17683 17728
17748 17754
17809 17827
17838 17856
17883 17887
17903 17929
17930 17948
17951 17987
17993 17994
17998 18002
18020 18025
18036 18042
18051 18071
18081 18114
18168 18213
18237 18248
18295 18314
18317 18328
18339 18350
18358 18359
18366 18376
18379 18459
18469 18498
18503 18517
18554 18577
18608 18625
18666 18674
18754 18801
18811 18818
18838 18848
18858 18884
18905 18916
18920 18924
19016 19059
19093 19094
19100 19113
19128 19187
19199 19204
19205 19254
19270 19274
19277 19285
19333 19335
19345 19373
19397 19431
19474 19484
19495 19497
19498 19521
19531 19573
19596 19605
19610 19618
19706 19708
19748 19798
19799 19816
19818 19819
19849 19866
19868 19890
19930 19946
20006 20017
20041 20079
20084 20093
20105 20108
20111 20162
20170 20179
20198 20200
20214 20266
20301 20312
20327 20336
20337 20358
20405 20430
20437 20464
20467 20487
20496 20507
20517 20518
20520 20551
20555 20575
20586 20593
20634 20680
20683 20825
20830 20837
20838 20859
20862 20873
20876 20925
20944 20948
20974 20976
20978 20989
21001 21025
21038 21082
21089 21099
21131 21136
21144 21230
21231 21264
21270 21297
21300 21301
21318 21349
21355 21367
21369 21370
21393 21412
21427 21456
21460 21461
21478 21483
21486 21496
21500 21506
21538 21571
21583 21597
21609 21641
21709 21747
21800 21820
21842 21846
21852 21864
21886 21914
21979 21988
21989 21997
22010 22012
22017 22081
22094 22123
22210 22212
22228 22245
22251 22271
22274 22279
22285 22287
22305 22319
22330 22361
22367 22388
22391 22393
22406 22416
22432 22457
22460 22475
22500 22514
22517 22524
22525 22535
22543 22551
22578 22580
22601 22616
22632 22661
22682 22689
22701 22715
22730 22741
22748 22784
22810 22855
22906 22920
22930 22932
22935 22936
22943 23003
23020 23048
23068 23092
23106 23137
23177 23202
23250 23284
23296 23352
23354 23364
23369 23375
23379 23387
23401 23446
23448 23529
23548 23550
23571 23612
23633 23661
23665 23712
23717 23724
23742 23744
23760 23763
23776 23799
23850 23867
23892 23898
23900 23917
23963 23965
24013 24026
24027 24040
24054 24148
24154 24162
24179 24205
24211 24214
24238 24278
24301 24304
24310 24350
24364 24365
24390 24427
24433 24458
24468 24491
24502 24541
24548 24566
24585 24607
24630 24642
24669 24697
24703 24828
24839 24845
24849 24852
24858 24915
24917 24950
24958 24975
24977 25026
25048 25058
25072 25095
25109 25199
25271 25311
25318 25327
25328 25334
25346 25373
25417 25480
25485 25495
25502 25575
25585 25612
25613 25658
25662 25677
25679 25703
25705 25735
25777 25782
25791 25794
25798 25800
25804 25821
25822 25851
25898 25902
25904 25908
25917 25935
25937 25946
25959 26014
26028 26054
26093 26135
26147 26152
26154 26158
26182 26216
26284 26299
26312 26336
26369 26406
26409 26447
26503 26514
26540 26552
26590 26603
26647 26659
26685 26747
26751 26760
26761 26764
26769 26772
26782 26788
26814 26824
26851 26872
26874 26896
26898 26946
27000 27054
27104 27121
27140 27145
27228 27253
27262 27296
27300 27331
27337 27341
27390 27433
27498 27522
27539 27550
27551 27553
27554 27565
27590 27599
27654 27725
27727 27746
27793 27841
27894 27941
27993 28004
28006 28028
28050 28083
28089 28092
28165 28175
28196 28202
28210 28216
28218 28222
28243 28246
28256 28261
28278 28286
28290 28332
28371 28379
28441 28449
28465 28473
28475 28483
28511 28540
28594 28615
28648 28665
28669 28675
28710 28720
28747 28773
28776 28786
28813 28817
28819 28870
28877 28898
28917 29015
29019 29023
29040 29104
29117 29133
29146 29153
29165 29178
29180 29197
29210 29214
29263 29290
29321 29333
29335 29427
29429 29438
29585 29619
29635 29681
29698 29714
29793 29807
29813 29829
29836 29838
29842 29869
29901 29928
29936 29949
29953 29965
29969 29971
30008 30014
30040 30110
30111 30169
30177 30197
30218 30229
30239 30262
30305 30332
30337 30357
30406 30422
30423 30452
30471 30475
30492 30504
30530 30537
30555 30575
30576 30592
30598 30653
30677 30679
30682 30734
30758 30779
30827 30863
30871 30907
30911 30950
30959 31013
31015 31025
31030 31066
31088 31090
31101 31126
31127 31143
31168 31171
31206 31209
31215 31250
31251 31252
31263 31336
31367 31374
31380 31389
31412 31422
31440 31462
31472 31501
31615 31637
31639 31676
31677 31679
31716 31719
31733 31812
31848 31861
31899 31962
31994 32013
32041 32066
32122 32133
32144 32164
32186 32256
32264 32347
32364 32365
32366 32370
32394 32413
32427 32431
32437 32444
32460 32469
32539 32559
32615 32623
32624 32638
32717 32728
32737 32755
32791 32792
32802 32806
32815 32829
32832 32842
32847 32863
32902 32917
32929 32956
32967 32983
32985 33032
33034 33037
33040 33046
33056 33064
33099 33108
33138 33158
33202 33209
33227 33252
33263 33273
33280 33287
33318 33328
33368 33379
33469 33485
33492 33505
33514 33531
33593 33607
33661 33666
33678 33767
33784 33802
33807 33815
33826 33827
33838 33904
33910 33927
33954 33977
33979 33996
34037 34045
34056 34066
34084 34106
34115 34157
34220 34244
34277 34285
34293 34304
34325 34343
34349 34385
34408 34439
34456 34460
34492 34496
34526 34543
34546 34634
34659 34686
34729 34751
34757 34812
34817 34870
34887 34889
34911 34917
34937 34938
34945 34971
34995 35019
35059 35061
35067 35078
35097 35104
35125 35129
35144 35167
35175 35196
35207 35227
35233 35235
35245 35257
35286 35312
35330 35338
35347 35373
35383 35402
35413 35418
35420 35440
35470 35487
35519 35578
35587 35592
35593 35600
35610 35624
35628 35639
35668 35702
35725 35776
35793 35795
35813 35822
35857 35884
35940 35946
35951 35965
35993 36002
36010 36075
36078 36143
36154 36219
36245 36274
36283 36297
36300 36302
36304 36323
36354 36366
36383 36403
36421 36433
36435 36436
36440 36443
36464 36487
36526 36540
36562 36592
36607 36633
36638 36639
36651 36654
36695 36710
36723 36724
36727 36744
36750 36761
36763 36768
36783 36805
36806 36840
36901 36941
36946 36993
37030 37047
37069 37070
37117 37139
37145 37227
37244 37246
37248 37259
37298 37312
37324 37326
37337 37349
37351 37437
37445 37451
37459 37475
37481 37490
37504 37507
37513 37547
37612 37643
37784 37804
37829 37838
37841 37850
37854 37867
37871 37925
37929 37934
37961 38018
38024 38032
38043 38048
38063 38113
38117 38133
38154 38222
38233 38243
38249 38274
38282 38319
38325 38357
38441 38453
38456 38461
38465 38466
38515 38565
38567 38584
38603 38663
38673 38702
38749 38787
38789 38793
38794 38845
38855 38873
38881 38921
38948 38957
38961 38990
38994 39008
39107 39126
39146 39171
39193 39232
39313 39339
39342 39380
39392 39394
39397 39435
39440 39456
39495 39524
39556 39571
39577 39582
39598 39637
39640 39648
39651 39656
39707 39740
39787 39804
39834 39836
39889 39918
39948 39951
40007 40018
40038 40052
40141 40142
40152 40174
40186 40193
40201 40216
40247 40293
40304 40336
40339 40372
40396 40398
40405 40444
40450 40462
40465 40470
40479 40524
40538 40569
40584 40591
40619 40636
40637 40655
40708 40732
40759 40775
40779 40807
40808 40821
40854 40869
40884 40930
40957 40991
41009 41014
41036 41059
41060 41087
41101 41118
41126 41161
41197 41232
41240 41249
41256 41262
41266 41271
41272 41293
41331 41377
41386 41420
41429 41432
41433 41438
41444 41446
41460 41472
41495 41542
41560 41565
41575 41581
41606 41609
41611 41614
41624 41625
41644 41676
41691 41744
41772 41821
41847 41899
42014 42020
42044 42098
42113 42114
42141 42145
42174 42195
42219 42237
42245 42252
42298 42303
42383 42387
42390 42413
42436 42477
42510 42529
42541 42558
42577 42639
42644 42661
42766 42767
42771 42786
42794 42808
42815 42885
42919 42936
42956 42960
43013 43017
43027 43032
43044 43069
43091 43098
43104 43114
43134 43148
43151 43157
43164 43206
43216 43243
43273 43319
43327 43347
43360 43395
43408 43410
43426 43439
43453 43471
43492 43532
43543 43547
43595 43609
43628 43650
43677 43789
43790 43818
43820 43835
43879 43881
43895 43912
43953 44009
44037 44038
44051 44062
44103 44158
44161 44181
44215 44220
44241 44264
44297 44349
44398 44401
44411 44428
44445 44452
44518 44525
44544 44636
44658 44665
44676 44680
44688 44704
44706 44711
44715 44718
44771 44772
44806 44865
44891 44925
44945 44965
44970 44992
45019 45097
45099 45112
45116 45143
45163 45166
45170 45199
45214 45215
45235 45262
45268 45271
45279 45285
45296 45310
45366 45408
45419 45437
45448 45454
45466 45467
45556 45560
45576 45591
45607 45616
45629 45647
45687 45688
45700 45730
45735 45756
45760 45761
45768 45800
45810 45839
45841 45885
45897 45927
45930 45967
45968 45990
46014 46027
46042 46058
46075 46094
46097 46110
46112 46181
46230 46247
46271 46295
46301 46343
46371 46378
46379 46390
46403 46443
46464 46468
46469 46481
46539 46540
46546 46625
46628 46632
46633 46662
46687 46688
46701 46744
46753 46759
46787 46796
46826 46851
46894 46977
46982 47008
47033 47050
47066 47070
47149 47151
47160 47183
47239 47241
47294 47312
47329 47438
47463 47476
47488 47532
47549 47558
47578 47593
47717 47747
47748 47796
47814 47841
47843 47855
47859 47890
47901 47939
47949 47978
47989 48002
48041 48046
48123 48188
48219 48221
48225 48234
48247 48253
48256 48265
48281 48284
48329 48346
48350 48377
48458 48460
48467 48469
48479 48567
48594 48597
48609 48614
48617 48631
48640 48648
48657 48700
48716 48736
48740 48801
48803 48820
48871 48898
48900 48902
48947 48955
49011 49029
49053 49069
49090 49156
49167 49205
49241 49311
49330 49334
49339 49353
49368 49399
49406 49446
49472 49480
49513 49515
49563 49566
49600 49607
49665 49666
49676 49687
49694 49717
49737 49747
49760 49775
49805 49867
49892 49901
49912 49922
49966 49992
50003 50009
50029 50056
50061 50094
50102 50112
50117 50126
50134 50146
50153 50193
50231 50236
50241 50262
50275 50280
50307 50315
50318 50331
50415 50423
50435 50481
50502 50505
50525 50528
50600 50606
50617 50623
50632 50693
50732 50772
50791 50834
50837 50851
50857 50860
50886 50894
50896 50910
50911 50978
50991 51011
51049 51082
51094 51150
51152 51222
51233 51237
51239 51242
51250 51257
51272 51305
51312 51371
51391 51392
51393 51410
51412 51451
51465 51482
51501 51518
51527 51530
51551 51553
51555 51590
51594 51600
51612 51621
51623 51626
51628 51742
51770 51827
51832 51833
51835 51868
51896 51908
51910 51934
51956 51957
51983 51987
52032 52036
52084 52091
52103 52137
52144 52147
52159 52189
52192 52241
52275 52320
52345 52386
52405 52431
52439 52512
52526 52536
52547 52576
52671 52762
52778 52807
52820 52826
52845 52861
52878 52879
52886 52893
52917 52919
52930 52961
52966 52975
52979 52999
53039 53053
53072 53144
53172 53191
53272 53300
53306 53312
53340 53343
53347 53355
53406 53489
53511 53519
53532 53536
53563 53576
53650 53663
53669 53688
53694 53712
53727 53732
53784 53786
53811 53829
53830 53861
53876 53880
53883 53898
53939 53976
53988 54003
54007 54025
54068 54078
54093 54135
54139 54142
54167 54182
54238 54282
54352 54403
54437 54477
54526 54591
54600 54603
54639 54649
54654 54655
54661 54677
54680 54681
54687 54699
54715 54720
54731 54803
54813 54819
54839 54848
54853 54881
54895 54918
54929 54933
54938 54945
54978 55002
55023 55062
55071 55083
55094 55112
55139 55149
55165 55173
55178 55188
55234 55240
55259 55260
55291 55311
55312 55370
55374 55377
55387 55394
55396 55423
55430 55434
55439 55490
55491 55504
55527 55533
55564 55584
55631 55645
55671 55692
55717 55764
55772 55773
55793 55820
55899 55913
55926 55949
55960 55970
55972 55976
56001 56015
56022 56036
56079 56131
56134 56138
56151 56192
56194 56211
56247 56253
56295 56412
56420 56432
56438 56449
56454 56467
56471 56474
56484 56502
56507 56513
56518 56537
56567 56606
56624 56625
56659 56669
56672 56686
56697 56717
56765 56787
56790 56795
56797 56803
56814 56853
56858 56864
56872 56875
56886 56903
56919 56928
56976 56977
57014 57023
57054 57070
57120 57173
57174 57182
57186 57220
57256 57257
57276 57298
57320 57336
57338 57340
57348 57352
57358 57384
57413 57416
57426 57442
57454 57455
57470 57479
57482 57485
57516 57524
57530 57584
57609 57635
57646 57684
57722 57738
57773 57780
57788 57813
57830 57831
57839 57853
57873 57885
57939 57952
58000 58015
58035 58046
58052 58061
58079 58108
58113 58115
58127 58133
58147 58161
58180 58192
58314 58345
58353 58354
58367 58375
58384 58400
58402 58447
58449 58495
58500 58504
58510 58520
58538 58559
58638 58671
58689 58692
58716 58720
58732 58739
58812 58828
58835 58863
58894 58910
58925 58993
59010 59024
59034 59075
59076 59090
59159 59163
59169 59208
59223 59249
59271 59284
59312 59350
59355 59367
59372 59389
59436 59526
59561 59577
59637 59660
59726 59727
59755 59757
59796 59811
59812 59814
59826 59859
59974 59980
59990 59991
59994 59998
60024 60026
60037 60045
60069 60076
60123 60143
60149 60150
60154 60158
60159 60209
60225 60242
60256 60259
60274 60297
60299 60312
60370 60371
60415 60428
60466 60490
60494 60524
60538 60539
60600 60606
60629 60645
60671 60694
60697 60711
60729 60737
60750 60767
60795 60812
60836 60878
60881 60882
60904 60916
60927 60948
60955 60982
60983 61035
61042 61046
61101 61135
61138 61204
61242 61291
61316 61317
61322 61340
61341 61392
61406 61417
61437 61442
61458 61498
61503 61504
61515 61594
61620 61664
61669 61673
61687 61719
61742 61749
61766 61767
61779 61781
61786 61797
61801 61829
61861 61868
61919 61925
61990 62014
62033 62035
62039 62095
62109 62127
62148 62151
62179 62188
62190 62207
62245 62298
62329 62358
62361 62378
62400 62404
62427 62548
62557 62572
62583 62621
62622 62627
62655 62690
62709 62737
62796 62800
62810 62811
62832 62864
62873 62915
62950 62961
62980 62990
62995 63015
63039 63044
63063 63120
63131 63136
63169 63190
63227 63246
63283 63303
63304 63305
63364 63389
63425 63442
63512 63537
63544 63572
63598 63599
63608 63639
63643 63648
63650 63675
63711 63734
63738 63796
63885 63901
63932 63947
63950 63954
63965 63983
64008 64012
64049 64062
64152 64154
64182 64189
64191 64199
64224 64260
64269 64308
64324 64328
64366 64380
64409 64418
64423 64432
64435 64448
64501 64543
64553 64590
64597 64618
64628 64640
64643 64681
64732 64740
64758 64785
64795 64803
64826 64866
64868 64875
64902 64908
64911 64922
64939 64942
64967 65021
65033 65056
65063 65068
65071 65083
65138 65158
65190 65196
65200 65209
65238 65247
65256 65276
65284 65298
65309 65326
65334 65360
65409 65419
65431 65440
65444 65476
65499 65509
65590 65608
65614 65618
65626 65638
65695 65792
65804 65807
65810 65830
65846 65858
65864 65892
65910 65934
65951 65960
65962 65963
65974 65975
65988 66017
66055 66077
66124 66161
66172 66180
66191 66192
66244 66266
66298 66312
66348 66351
66356 66376
66387 66388
66396 66399
66402 66404
66411 66412
66413 66444
66492 66516
66523 66528
66533 66547
66559 66563
66584 66598
66604 66632
66634 66641
66652 66663
66674 66699
66714 66750
66752 66755
66807 66813
66819 66842
66843 66851
66861 66899
66914 66923
66930 66931
66947 66954
66955 66996
67001 67008
67023 67032
67042 67044
67050 67057
67079 67090
67094 67104
67129 67151
67164 67172
67187 67210
67212 67244
67246 67269
67275 67310
67314 67353
67405 67410
67428 67461
67477 67530
67536 67600
67691 67725
67789 67791
67857 67881
67902 67903
67909 67930
67941 67947
67962 67963
67976 67986
67992 68005
68089 68100
68135 68142
68221 68227
68230 68243
68271 68318
68354 68356
68386 68390
68394 68421
68439 68446
68467 68480
68518 68551
68563 68564
68593 68610
68659 68706
68711 68735
68761 68813
68833 68878
68882 68883
68884 68885
68903 68923
68926 68930
68944 68950
68953 68958
68997 68998
69050 69115
69130 69132
69136 69202
69212 69289
69293 69311
69316 69327
69332 69355
69375 69407
69413 69414
69420 69421
69471 69505
69512 69514
69517 69518
69526 69551
69586 69593
69605 69631
69654 69710
69718 69750
69815 69862
69889 69898
69953 69997
70048 70050
70146 70152
70161 70164
70166 70195
70203 70221
70235 70287
70292 70354
70356 70360
70423 70424
70429 70486
70495 70511
70597 70641
70673 70696
70717 70720
70724 70737
70777 70804
70806 70812
70848 70849
70866 70910
70923 70930
70963 70982
70985 70999
71003 71006
71018 71036
71081 71137
71152 71186
71195 71225
71233 71276
71305 71322
71347 71383
71399 71433
71434 71445
71480 71489
71547 71561
71587 71588
71601 71623
71632 71641
71674 71680
71697 71716
71721 71745
71762 71789
71808 71812
71817 71828
71831 71839
71861 71886
71909 71937
71949 71961
72036 72061
72065 72117
72127 72165
72166 72177
72181 72190
72192 72216
72233 72237
72258 72283
72292 72315
72333 72343
72352 72402
72432 72439
72495 72583
72588 72596
72610 72688
72750 72755
72792 72802
72809 72813
72814 72856
72866 72904
72913 72916
72918 72926
72931 72988
72989 72999
73003 73006
73016 73025
73038 73062
73102 73107
73131 73134
73135 73138
73157 73160
73211 73229
73230 73235
73264 73282
73314 73336
73371 73473
73565 73566
73626 73636
73667 73669
73678 73703
73709 73718
73750 73753
73756 73757
73775 73782
73786 73787
73800 73829
73844 73857
73865 73912
73933 73997
74001 74016
74032 74043
74054 74056
74063 74096
74131 74143
74209 74214
74226 74274
74284 74332
74375 74386
74400 74403
74405 74449
74462 74464
74470 74478
74490 74492
74514 74537
74546 74559
74573 74575
74590 74604
74610 74622
74629 74649
74674 74679
74694 74700
74704 74720
74764 74786
74831 74834
74865 74904
74919 74920
74928 74932
74942 74963
74969 74984
74991 75014
75041 75053
75110 75121
75164 75165
75178 75186
75213 75217
75219 75225
75226 75262
75268 75277
75284 75296
75316 75318
75321 75354
75377 75390
75394 75416
75417 75419
75429 75462
75478 75490
75509 75554
75618 75622
75647 75669
75673 75683
75713 75756
75772 75792
75798 75814
75826 75827
75831 75839
75864 75896
75904 75913
76088 76091
76122 76134
76149 76174
76184 76190
76192 76204
76207 76239
76267 76281
76282 76309
76312 76346
76379 76399
76401 76433
76446 76460
76461 76466
76478 76515
76548 76596
76637 76668
76693 76726
76727 76750
76780 76790
76847 76856
76863 76910
76911 76969
76986 77022
77047 77082
77099 77155
77200 77202
77207 77225
77235 77254
77267 77273
77286 77290
77329 77349
77355 77373
77400 77407
77434 77455
77476 77510
77549 77565
77568 77585
77623 77635
77652 77655
77658 77695
77698 77717
77722 77759
77808 77842
77845 77867
77869 77878
77892 77917
77932 77953
77969 77981
77990 78013
78042 78045
78093 78126
78140 78152
78190 78218
78235 78296
78313 78316
78341 78373
78375 78388
78390 78435
78471 78540
78552 78555
78585 78601
78602 78605
78625 78640
78663 78731
78759 78761
78768 78780
78792 78797
78816 78834
78883 78889
78913 78952
78992 79000
79053 79062
79079 79111
79112 79192
79193 79245
79310 79343
79346 79365
79396 79429
79448 79454
79463 79507
79535 79543
79587 79668
79691 79696
79707 79737
79792 79800
79852 79865
79870 79886
79912 79913
79978 79987
80070 80075
80092 80103
80108 80142
80156 80280
80283 80306
80307 80316
80327 80355
80361 80421
80435 80437
80516 80518
80550 80554
80570 80582
80606 80684
80733 80741
80744 80748
80777 80778
80795 80806
80820 80832
80841 80897
80921 80925
80943 80951
80980 81006
81026 81062
81093 81129
81158 81160
81172 81194
81216 81254
81257 81274
81310 81328
81332 81333
81343 81352
81353 81370
81372 81384
81396 81418
81471 81483
81484 81489
81545 81551
81583 81678
81680 81684
81690 81708
81717 81735
81742 81744
81846 81852
81853 81861
81915 81931
81964 81983
82052 82053
82061 82096
82104 82139
82145 82189
82194 82206
82234 82236
82262 82268
82302 82313
82375 82401
82404 82409
82415 82464
82505 82517
82528 82529
82530 82533
82557 82578
82579 82597
82679 82682
82713 82720
82723 82729
82733 82750
82787 82805
82843 82883
82887 82889
82911 82937
82941 82950
82976 82977
83031 83162
83201 83202
83218 83243
83257 83292
83304 83310
83316 83337
83361 83384
83411 83418
83447 83474
83491 83509
83522 83542
83559 83570
83571 83584
83604 83646
83654 83659
83704 83707
83709 83741
83795 83797
83827 83851
83855 83871
83874 83878
83945 83949
84075 84088
84093 84113
84136 84137
84214 84280
84299 84318
84339 84342
84394 84455
84495 84516
84521 84522
84558 84588
84599 84620
84623 84653
84688 84695
84721 84738
84754 84771
84793 84835
84866 84869
84888 84911
84919 84961
84986 85034
85041 85063
85071 85101
85112 85154
85164 85169
85174 85228
85244 85255
85257 85262
85331 85363
85364 85365
85401 85444
85450 85481
85483 85485
85517 85533
85535 85542
85583 85587
85622 85653
85703 85704
85739 85753
85785 85800
85810 85821
85840 85857
85859 85864
85890 85938
85966 85981
85987 86018
86019 86034
86055 86088
86102 86112
86127 86151
86161 86193
86201 86238
86284 86288
86346 86352
86354 86376
86378 86387
86438 86469
86474 86487
86498 86543
86546 86665
86682 86744
86751 86768
86792 86800
86803 86804
86812 86813
86823 86859
86877 86907
86924 86932
86975 87003
87015 87030
87043 87071
87079 87081
87117 87143
87184 87188
87264 87274
87346 87352
87360 87380
87382 87388
87418 87440
87451 87486
87490 87499
87512 87574
87619 87681
87685 87697
87736 87741
87748 87783
87806 87820
87822 87828
87853 87897
87905 87912
87945 87948
87977 87982
88010 88065
88070 88109
88129 88150
88174 88179
88187 88195
88241 88259
88267 88284
88302 88321
88332 88364
88382 88391
88401 88414
88462 88492
88513 88550
88581 88606
88608 88615
88637 88658
88709 88718
88765 88831
88833 88841
88865 88882
88890 88905
88928 88976
88982 88994
88996 89019
89021 89089
89095 89127
89129 89142
89155 89157
89173 89196
89206 89214
89284 89381
89430 89475
89486 89515
89521 89546
89593 89609
89637 89656
89657 89675
89689 89698
89701 89702
89741 89744
89767 89853
89855 89863
89966 89983
89999 90009
90035 90081
90087 90095
90109 90156
90164 90187
90236 90239
90240 90248
90251 90268
90277 90283
90297 90325
90349 90393
90401 90402
90425 90430
90479 90520
90525 90550
90565 90567
90573 90583
90617 90625
90643 90682
90732 90733
90754 90762
90783 90784
90816 90827
90829 90840
90845 90902
90906 90928
90940 90970
91000 91008
91029 91041
91046 91082
91097 91098
91136 91183
91253 91277
91278 91305
91321 91345
91365 91403
91421 91461
91493 91517
91542 91551
91569 91579
91584 91632
91635 91661
91703 91795
91798 91820
91837 91870
91872 91880
91883 91893
91938 91948
91973 91982
91986 91994
92002 92030
92075 92084
92122 92144
92248 92333
92337 92344
92353 92356
92362 92366
92368 92396
92428 92431
92448 92460
92479 92494
92500 92506
92553 92611
92620 92625
92651 92679
92704 92732
92754 92762
92775 92798
92801 92864
92879 92881
92883 92884
92885 92947
92951 92964
93058 93116
93182 93236
93381 93405
93435 93446
93493 93524
93532 93535
93608 93625
93639 93644
93650 93651
93752 93755
93766 93777
93836 93843
93857 93913
93928 93934
93947 93993
94004 94026
94029 94034
94056 94088
94109 94125
94126 94151
94169 94184
94211 94214
94237 94238
94298 94311
94348 94349
94379 94386
94394 94441
94451 94455
94475 94481
94488 94497
94498 94501
94526 94536
94609 94618
94632 94670
94674 94678
94696 94701
94729 94760
94765 94786
94800 94817
94818 94826
94835 94905
94907 94913
94922 94972
94979 94999
95003 95028
95047 95065
95081 95086
95090 95096
95101 95135
95145 95159
95177 95183
95188 95228
95299 95304
95307 95317
95355 95372
95389 95397
95480 95565
95581 95614
95626 95628
95653 95678
95687 95713
95714 95722
95775 95786
95788 95802
95821 95850
95869 95895
95916 95925
95936 95941
95942 95947
95970 96000
96025 96049
96054 96073
96087 96102
96109 96146
96169 96205
96207 96213
96214 96224
96234 96250
96279 96282
96320 96346
96385 96387
96410 96464
96479 96480
96528 96544
96610 96617
96643 96703
96735 96765
96827 96838
96854 96914
96933 96974
96986 97014
97021 97041
97055 97071
97101 97104
97149 97151
97189 97228
97316 97361
97362 97408
97413 97418
97444 97545
97599 97622
97636 97637
97670 97722
97755 97805
97813 97819
97825 97865
97873 97895
97918 97956
98032 98040
98049 98056
98075 98092
98207 98246
98255 98271
98285 98292
98300 98329
98369 98378
98382 98402
98406 98413
98432 98446
98448 98457
98468 98472
98505 98523
98544 98560
98566 98576
98591 98602
98611 98642
98644 98647
98670 98707
98732 98754
98805 98809
98825 98901
98915 98919
98957 98960
98975 98976
98981 99004
99026 99031
99041 99101
99112 99116
99145 99156
99170 99188
99190 99200
99217 99222
99227 99228
99236 99248
99257 99272
99274 99285
99294 99323
99344 99381
99414 99430
99506 99531
99538 99541
99592 99595
99607 99617
99629 99698
99705 99707
99708 99750
99761 99801
99817 99822
99848 99854
99886 99917
99929 99960
99962 99968
99987 99991
13 21
28 30
53 63
78 101
132 165
176 203
206 219
227 229
257 284
287 328
367 394
403 411
427 439
443 483
494 513
533 548
565 595
622 646
648 665
679 695
704 725
728 736
756 759
760 771
792 833
868 871
901 927
928 931
986 1012
1016 1083
1086 1097
1099 1102
1148 1167
1187 1232
1244 1247
1268 1313
1316 1321
1351 1365
1366 1388
1401 1420
1428 1436
1442 1451
1457 1473
1485 1510
1537 1542
1548 1560
1564 1568
1571 1580
1584 1591
1595 1600
1608 1611
1622 1634
1669 1671
1700 1711
1749 1759
1790 1805
1809 1813
1852 1875
1896 1927
1933 1934
1938 1945
1946 1975
1976 2032
2041 2060
2117 2121
2148 2151
2191 2208
2222 2224
2283 2310
2320 2332
2347 2361
2375 2382
2388 2425
2427 2439
2447 2466
2499 2553
2569 2612
2614 2634
2662 2689
2734 2743
2744 2778
2787 2794
2828 2839
2840 2846
2884 2901
2903 2911
2913 2920
2930 2944
2953 2967
2972 2977
2983 2985
2991 3006
3012 3023
3050 3058
3064 3071
3098 3126
3154 3193
3226 3229
3237 3256
3263 3292
3298 3300
3307 3313
3324 3370
3377 3385
3405 3410
3445 3462
3466 3468
3477 3486
3518 3536
3559 3563
3600 3605
3618 3626
3663 3670
3701 3703
3704 3738
3785 3830
3865 3869
3878 3914
3941 3942
3957 3964
3988 4001
4007 4013
4014 4039
4044 4057
4100 4104
4123 4131
4132 4180
4206 4223
4239 4240
4261 4270
4280 4319
4330 4337
4339 4351
4376 4378
4420 4421
4427 4454
4492 4499
4511 4537
4545 4549
4556 4561
4575 4590
4603 4613
4647 4685
4686 4688
4691 4728
4756 4770
4774 4782
4792 4797
4845 4853
4859 4886
4899 4924
4925 4956
4968 4979
4984 5026
5027 5057
5121 5144
5172 5176
5177 5183
5192 5225
5290 5307
5308 5311
5313 5326
5328 5332
5368 5378
5441 5452
5481 5485
5495 5514
5527 5536
5547 5553
5567 5574
5622 5624
5656 5658
5738 5764
5772 5800
5820 5852
5871 5927
5928 5944
5958 5987
5996 5999
6038 6052
6095 6112
6126 6155
6171 6178
6184 6188
6218 6233
6236 6240
6246 6252
6257 6262
6264 6268
6273 6279
6296 6316
6323 6350
6359 6380
6389 6395
6422 6423
6438 6448
6486 6537
6544 6564
6570 6595
6604 6633
6634 6668
6694 6695
6718 6725
6732 6735
6748 6782
6791 6817
6818 6826
6838 6854
6872 6881
6900 6904
6908 6915
6918 6928
6960 7016
7046 7049
7061 7086
7096 7107
7111 7126
7146 7153
7197 7220
7254 7261
7275 7280
7313 7324
7348 7357
7367 7378
7408 7434
7455 7461
7465 7529
7532 7540
7543 7562
7592 7599
7612 7618
7627 7629
7631 7636
7661 7662
7693 7710
7728 7735
7762 7785
7810 7829
7830 7844
7871 7882
7914 7917
7943 7951
7992 8000
8013 8020
8056 8065
8066 8072
8083 8105
8128 8134
8187 8203
8210 8232
8249 8263
8265 8327
8331 8357
8388 8403
8407 8411
8422 8423
8424 8437
8470 8477
8480 8490
8499 8501
8523 8533
8561 8574
8579 8583
8604 8616
8630 8635
8648 8654
8659 8693
8718 8755
8764 8813
8822 8829
8847 8868
8873 8875
8916 8924
8943 8958
8962 8973
8995 9035
9053 9080
9096 9105
9113 9144
9149 9169
9213 9300
9310 9340
9364 9432
9438 9454
9474 9503
9509 9520
9569 9577
9586 9596
9630 9631
9632 9656
9657 9677
9680 9681
9684 9688
9693 9695
9729 9752
9762 9764
9772 9791
9845 9864
9875 9884
9896 9897
9902 9908
9919 9926
9939 9960
10020 10063
10068 10116
10128 10167
10175 10177
10193 10245
10258 10260
10306 10309
10337 10343
10349 10372
10377 10384
10420 10436
10442 10443
10471 10535
10558 10587
10603 10621
10629 10635
10642 10668
10672 10682
10685 10749
10752 10769
10779 10798
10803 10826
10834 10842
10858 10873
10895 10915
10935 10944
10948 10993
10997 11002
11008 11036
11039 11050
11058 11074
11078 11088
11113 11119
11137 11138
11142 11143
11199 11265
11276 11281
11287 11294
11300 11332
11353 11364
11387 11405
11419 11425
11439 11447
11451 11470
11471 11488
11496 11514
11515 11519
11545 11555
11562 11608
11613 11633
11661 11696
11700 11704
11710 11746
11767 11772
11778 11823
11842 11845
11852 11872
11875 11883
11891 11926
11934 11944
11954 11962
11974 11980
11987 11988
11991 12030
12047 12052
12066 12072
12116 12118
12141 12147
12194 12201
12203 12205
12234 12237
12245 12250
12271 12273
12310 12326
12348 12366
12387 12392
12434 12449
12465 12468
12476 12480
12494 12555
12585 12604
12613 12638
12667 12675
12678 12686
12692 12696
12729 12739
12745 12749
12761 12768
12787 12809
12813 12814
12823 12836
12840 12853
12854 12887
12892 12898
12903 12909
12911 12938
12945 12949
12954 12960
12967 12976
12992 13036
13055 13062
13089 13094
13098 13105
13143 13171
13174 13189
13205 13207
13215 13243
13277 13282
13302 13310
13326 13327
13328 13331
13336 13384
13386 13431
13436 13478
13496 13513
13534 13564
13571 13573
13574 13588
13598 13605
13657 13673
13685 13704
13726 13759
13771 13790
13809 13848
13868 13875
13878 13879
13900 13902
13904 13918
13919 13956
13965 13968
13986 13987
13999 14005
14031 14043
14052 14090
14099 14115
14169 14215
14235 14253
14255 14265
14288 14306
14308 14309
14326 14328
14336 14379
14385 14388
14393 14396
14407 14419
14466 14467
14474 14481
14513 14551
14558 14571
14617 14618
14626 14694
14724 14730
14733 14745
14753 14756
14767 14801
14805 14896
14901 14912
14915 14925
14938 14939
14945 14962
14964 14977
15016 15025
15031 15039
15041 15083
15091 15102
15105 15156
15170 15172
15184 15187
15195 15198
15202 15210
15231 15249
15281 15291
15292 15297
15299 15318
15346 15360
15375 15420
15424 15446
15450 15470
15494 15538
15571 15578
15589 15596
15612 15613
15618 15622
15653 15654
15659 15748
15761 15771
15822 15836
15840 15877
15885 15919
15952 15962
15964 15966
15986 15987
16022 16038
16042 16056
16066 16069
16106 16137
16142 16148
16167 16178
16209 16221
16232 16234
16238 16240
16256 16264
16280 16283
16298 16310
16325 16360
16363 16367
16378 16382
16386 16411
16435 16455
16458 16460
16463 16482
16501 16505
16513 16525
16576 16584
16593 16596
16611 16631
16654 16659
16662 16693
16701 16703
16716 16720
16734 16745
16792 16795
16800 16824
16864 16865
16871 16915
16916 16917
16921 16932
16942 16967
16982 16990
17034 17077
17129 17140
17148 17168
17182 17205
17217 17222
17243 17293
17295 17313
17352 17355
17390 17395
17415 17426
17485 17502
17525 17536
17539 17550
17602 17610
17628 17638
17652 17683
17695 17701
17706 17710
17742 17764
17792 17803
17832 17843
17850 17858
17877 17880
17916 17924
17931 17943
17946 17960
17976 18013
18021 18029
18062 18063
18068 18072
18097 18129
18132 18150
18158 18160
18174 18187
18206 18210
18214 18220
18223 18231
18246 18267
18275 18277
18291 18306
18308 18321
18360 18374
18391 18406
18440 18448
18465 18495
18507 18514
18542 18561
18562 18583
18623 18634
18636 18638
18651 18667
18681 18682
18684 18706
18743 18757
18802 18811
18819 18827
18837 18912
18920 18930
18965 18972
18981 18992
19005 19018
19031 19059
19061 19074
19081 19102
19109 19116
19118 19124
19206 19213
19221 19237
19246 19247
19250 19257
19283 19288
19333 19336
19347 19350
19366 19377
19396 19398
19415 19428
19459 19484
19499 19503
19522 19576
19579 19593
19610 19619
19620 19624
19629 19630
19631 19633
19641 19659
19664 19673
19683 19685
19689 19692
19721 19727
19740 19758
19766 19775
19788 19803
19827 19877
19882 19942
19943 19987
20010 20017
20059 20075
20097 20102
20112 20120
20145 20164
20169 20179
20190 20204
20230 20249
20253 20288
20300 20312
20323 20328
20332 20388
20402 20421
20437 20449
20481 20496
20540 20560
20569 20598
20599 20622
20636 20637
20639 20646
20649 20658
20667 20704
20708 20726
20747 20754
20779 20780
20784 20800
20807 20824
20832 20835
20845 20872
20876 20889
20894 20901
20917 20939
20940 20943
20948 20958
20965 21026
21027 21035
21097 21100
21103 21159
21167 21222
21248 21254
21266 21294
21304 21309
21330 21337
21370 21412
21420 21447
21471 21479
21489 21511
21518 21529
21532 21534
21543 21550
21570 21573
21577 21597
21608 21621
21640 21656
21675 21691
21696 21713
21730 21801
21808 21833
21849 21888
21890 21893
21902 21916
21946 21954
21955 21963
21983 21995
22002 22062
22112 22123
22132 22147
22168 22217
22242 22276
22286 22302
22317 22335
22363 22386
22391 22403
22441 22479
22483 22488
22517 22524
22525 22561
22564 22566
22586 22592
22604 22606
22664 22756
22765 22781
22786 22821
22829 22833
22836 22852
22878 22918
22984 22991
22996 22999
23006 23017
23041 23044
23065 23094
23118 23119
23128 23151
23163 23171
23185 23187
23232 23247
23263 23274
23281 23288
23291 23330
23334 23342
23353 23394
23422 23453
23464 23474
23475 23489
23491 23565
23573 23585
23592 23598
23607 23609
23639 23651
23676 23681
23692 23697
23701 23709
23721 23733
23734 23753
23792 23814
23817 23819
23844 23847
23848 23861
23867 23880
23894 23904
23909 23911
23918 23933
23968 23998
24000 24015
24021 24045
24047 24064
24088 24117
24134 24143
24156 24171
24183 24184
24196 24198
24220 24249
24254 24257
24275 24291
24294 24299
24302 24310
24333 24376
24386 24387
24390 24424
24428 24441
24450 24460
24514 24521
24522 24539
24556 24562
24594 24596
24598 24607
24626 24627
24634 24644
24704 24715
24747 24748
24753 24761
24765 24793
24802 24832
24850 24871
24874 24907
24916 24920
24943 24961
24998 25068
25075 25085
25105 25126
25127 25137
25159 25177
25179 25189
25193 25233
25250 25251
25256 25283
25345 25355
25360 25370
25383 25404
25417 25423
25429 25431
25434 25470
25472 25533
25540 25550
25611 25618
25629 25630
25645 25668
25675 25744
25759 25766
25770 25804
25811 25815
25821 25828
25838 25852
25864 25872
25911 25918
25981 26005
26009 26028
26033 26047
26062 26063
26079 26095
26096 26100
26141 26147
26157 26169
26173 26238
26283 26292
26319 26326
26330 26337
26358 26372
26373 26388
26403 26406
26414 26417
26441 26443
26454 26476
26481 26505
26537 26588
26595 26615
26623 26634
26683 26693
26701 26709
26711 26731
26741 26745
26752 26758
26777 26778
26790 26795
26796 26814
26845 26849
26853 26876
26889 26898
26911 26921
26927 26934
26942 26947
26948 26949
26958 26965
26968 26991
27009 27024
27042 27133
27182 27189
27190 27218
27235 27244
27261 27280
27315 27330
27367 27372
27436 27439
27445 27454
27508 27536
27537 27538
27562 27578
27594 27613
27634 27650
27670 27676
27690 27714
27721 27725
27732 27737
27773 27787
27790 27792
27801 27811
27818 27829
27850 27868
27871 27893
27905 27917
27941 27954
27999 28020
28029 28063
28071 28072
28088 28110
28128 28130
28155 28177
28189 28254
28268 28287
28295 28299
28318 28340
28354 28363
28387 28394
28403 28414
28431 28493
28512 28515
28564 28565
28582 28594
28598 28607
28614 28645
28652 28662
28666 28673
28676 28716
28726 28733
28778 28784
28804 28806
28807 28824
28829 28831
28835 28845
28877 28878
28884 28888
28890 28919
28930 28943
28947 28987
28995 29002
29049 29072
29077 29104
29111 29123
29155 29166
29168 29181
29211 29220
29221 29237
29241 29300
29304 29326
29327 29333
29339 29347
29351 29359
29367 29374
29384 29391
29410 29419
29433 29440
29442 29448
29475 29481
29484 29493
29495 29501
29502 29507
29532 29540
29558 29562
29569 29573
29584 29595
29599 29632
29642 29647
29650 29655
29658 29686
29742 29780
29813 29830
29832 29845
29846 29850
29860 29865
29872 29888
29893 29898
29907 29911
29914 29967
29983 29989
30013 30027
30067 30069
30074 30095
30104 30113
30114 30144
30151 30172
30188 30193
30202 30228
30244 30320
30327 30328
30348 30349
30357 30362
30364 30383
30384 30389
30401 30423
30456 30458
30467 30517
30523 30530
30541 30552
30558 30600
30612 30632
30638 30641
30647 30649
30654 30664
30667 30683
30695 30706
30717 30719
30742 30743
30744 30750
30755 30770
30776 30784
30817 30824
30839 30874
30886 30890
30900 30916
30960 30977
31011 31016
31021 31038
31073 31076
31088 31089
31101 31103
31113 31130
31135 31140
31146 31151
31154 31183
31189 31201
31216 31244
31254 31255
31263 31264
31277 31295
31301 31306
31320 31337
31351 31361
31364 31381
31389 31393
31406 31423
31428 31429
31434 31460
31466 31482
31505 31538
31553 31586
31601 31648
31649 31651
31654 31676
31684 31693
31737 31753
31769 31792
31797 31808
31818 31830
31867 31879
31881 31895
31916 31980
31992 32002
32014 32019
32081 32084
32085 32088
32152 32165
32176 32185
32211 32218
32220 32224
32231 32243
32263 32273
32279 32284
32296 32297
32307 32308
32353 32405
32406 32420
32432 32436
32444 32462
32464 32469
32495 32512
32527 32550
32562 32567
32569 32597
32675 32733
32740 32751
32755 32770
32827 32855
32884 32906
32935 32946
32950 32951
32995 33013
33016 33033
33043 33064
33079 33097
33106 33133
33148 33154
33182 33194
33226 33248
33313 33316
33349 33357
33386 33415
33416 33419
33431 33433
33436 33452
33453 33476
33477 33481
33504 33529
33531 33571
33575 33600
33656 33662
33718 33752
33759 33767
33786 33826
33837 33843
33882 33903
33923 33924
33935 33949
33957 33958
33967 34002
34034 34054
34070 34108
34127 34136
34151 34152
34155 34194
34255 34258
34266 34271
34277 34282
34285 34296
34324 34327
34328 34330
34333 34350
34355 34361
34395 34406
34422 34446
34454 34474
34508 34509
34519 34529
34548 34571
34600 34641
34657 34670
34682 34684
34685 34708
34739 34762
34769 34771
34788 34804
34808 34822
34837 34841
34850 34864
34892 34896
34906 34948
34949 34950
34961 35009
35060 35067
35092 35107
35109 35114
35129 35136
35139 35150
35161 35165
35173 35193
35209 35219
35224 35232
35241 35257
35283 35295
35304 35329
35334 35336
35341 35351
35356 35368
35386 35439
35445 35478
35497 35503
35509 35517
35528 35537
35550 35556
35560 35582
35600 35608
35613 35645
35652 35686
35713 35744
35745 35758
35771 35795
35802 35821
35850 35876
35921 35926
35937 35940
35951 35982
35988 35997
36001 36020
36039 36043
36048 36052
36062 36070
36079 36082
36083 36087
36101 36167
36182 36207
36250 36273
36274 36298
36300 36301
36303 36310
36316 36349
36356 36372
36462 36475
36535 36544
36573 36580
36603 36642
36670 36696
36699 36735
36747 36758
36764 36795
36841 36855
36868 36894
36897 36957
36959 36965
36969 36978
36981 37000
37031 37032
37040 37047
37061 37069
37089 37134
37162 37167
37174 37176
37188 37217
37263 37264
37287 37289
37290 37306
37309 37315
37324 37329
37337 37418
37478 37487
37489 37514
37530 37541
37562 37579
37596 37634
37638 37665
37673 37674
37702 37750
37751 37789
37817 37862
37879 37892
37895 37897
37918 37924
37929 37955
37965 37969
37988 37990
38033 38066
38148 38168
38182 38195
38208 38223
38224 38247
38301 38317
38324 38327
38339 38347
38349 38359
38383 38394
38416 38422
38423 38428
38429 38434
38461 38470
38479 38485
38486 38489
38501 38543
38576 38584
38591 38602
38634 38641
38689 38709
38733 38742
38743 38749
38755 38758
38774 38807
38812 38840
38866 38874
38894 38914
38926 38937
38942 38975
39003 39005
39021 39034
39049 39099
39101 39129
39186 39210
39213 39221
39236 39237
39278 39294
39314 39344
39427 39474
39499 39501
39503 39506
39536 39538
39542 39547
39584 39602
39604 39617
39621 39646
39656 39662
39663 39682
39689 39740
39768 39786
39795 39806
39814 39820
39825 39839
39842 39871
39878 39888
39898 39900
39905 39931
39947 39973
39986 39994
40006 40021
40032 40034
40041 40042
40059 40106
40159 40172
40195 40203
40216 40218
40224 40262
40274 40275
40287 40323
40360 40463
40465 40485
40494 40497
40538 40571
40596 40604
40607 40629
40650 40673
40700 40720
40737 40757
40758 40760
40799 40802
40817 40825
40826 40833
40839 40881
40902 40903
40913 40934
40946 40977
40985 40998
41018 41023
41041 41054
41069 41071
41080 41121
41141 41155
41161 41179
41185 41191
41260 41266
41268 41284
41290 41294
41296 41297
41302 41310
41317 41346
41347 41363
41365 41389
41408 41419
41424 41436
41500 41507
41565 41599
41608 41614
41616 41628
41630 41632
41662 41702
41719 41720
41723 41724
41731 41754
41785 41791
41799 41821
41827 41832
41837 41844
41847 41849
41857 41872
41894 41919
41929 41948
41949 41959
42035 42043
42045 42056
42068 42080
42087 42088
42111 42129
42141 42214
42220 42230
42249 42273
42281 42312
42334 42340
42355 42360
42361 42397
42402 42414
42442 42465
42483 42500
42512 42523
42531 42541
42548 42567
42576 42607
42625 42668
42670 42694
42725 42734
42767 42778
42781 42788
42803 42810
42812 42817
42839 42840
42879 42881
42898 42899
42937 42951
42986 43002
43005 43006
43049 43051
43066 43080
43103 43122
43130 43142
43163 43195
43214 43217
43245 43261
43292 43295
43343 43364
43399 43409
43412 43415
43421 43435
43447 43460
43471 43481
43499 43506
43516 43566
43585 43589
43594 43597
43631 43646
43655 43657
43659 43671
43696 43724
43735 43750
43767 43794
43804 43813
43826 43863
43867 43918
43940 43961
43972 43983
43986 43996
44022 44028
44035 44045
44054 44055
44077 44085
44093 44102
44113 44117
44124 44135
44139 44152
44193 44195
44214 44240
44244 44246
44248 44256
44265 44268
44273 44277
44292 44294
44302 44313
44326 44345
44358 44371
44399 44440
44446 44447
44472 44473
44485 44495
44502 44503
44512 44538
44551 44556
44587 44589
44618 44621
44630 44698
44733 44735
44736 44761
44858 44870
44887 44892
44896 44926
44931 44953
44957 44962
44974 45002
45027 45047
45049 45061
45074 45086
45087 45109
45139 45149
45153 45189
45219 45266
45279 45323
45328 45330
45331 45363
45373 45427
45432 45438
45453 45497
45506 45514
45521 45533
45534 45539
45584 45595
45615 45635
45639 45660
45669 45682
45708 45715
45730 45740
45750 45784
45785 45790
45824 45839
45862 45871
45874 45884
45889 45892
45926 45948
45951 45991
45998 46017
46024 46043
46052 46055
46072 46076
46077 46112
46118 46132
46152 46165
46185 46214
46219 46244
46247 46286
46293 46313
46315 46317
46324 46345
46380 46392
46502 46506
46510 46535
46564 46574
46592 46595
46601 46608
46617 46627
46631 46640
46650 46658
46668 46736
46756 46765
46771 46785
46822 46828
46844 46845
46846 46849
46882 46888
46899 46908
46932 46952
46969 46973
46983 47004
47048 47097
47105 47120
47128 47136
47157 47179
47226 47285
47341 47355
47367 47375
47382 47451
47462 47470
47472 47476
47488 47502
47543 47551
47554 47556
47566 47575
47601 47607
47638 47643
47659 47690
47693 47705
47715 47751
47758 47775
47815 47836
47848 47855
47941 47960
47986 47991
48002 48025
48032 48036
48061 48092
48100 48112
48122 48128
48132 48155
48172 48210
48219 48228
48258 48273
48285 48286
48305 48333
48339 48346
48347 48366
48371 48389
48414 48421
48431 48439
48445 48483
48488 48494
48496 48525
48528 48536
48545 48558
48564 48585
48595 48615
48653 48654
48655 48666
48690 48715
48733 48739
48748 48763
48765 48806
48840 48841
48861 48889
48905 48907
48920 48957
48963 48976
48981 48983
48999 49007
49025 49030
49050 49065
49078 49085
49090 49113
49120 49125
49145 49147
49159 49171
49173 49199
49205 49212
49222 49224
49229 49233
49251 49293
49318 49329
49399 49422
49443 49457
49504 49507
49520 49569
49608 49612
49647 49688
49714 49755
49766 49783
49799 49806
49844 49859
49870 49879
49894 49897
49909 49918
49934 49947
49948 49979
49983 49994
50010 50027
50029 50049
50062 50068
50070 50077
50090 50092
50093 50111
50116 50124
50165 50169
50187 50190
50192 50197
50201 50226
50227 50236
50240 50245
50248 50253
50317 50346
50347 50348
50355 50400
50422 50438
50463 50472
50487 50515
50516 50533
50565 50585
50631 50650
50651 50655
50665 50675
50678 50703
50709 50743
50777 50797
50802 50852
50856 50882
50907 50909
50920 50923
50945 50946
50960 50977
50981 51004
51009 51011
51025 51026
51041 51052
51067 51096
51113 51116
51124 51125
51196 51215
51227 51229
51233 51272
51273 51315
51320 51332
51337 51352
51353 51403
51420 51422
51433 51434
51451 51468
51470 51479
51485 51488
51496 51503
51533 51536
51540 51564
51570 51607
51624 51663
51714 51715
51716 51732
51769 51780
51781 51797
51824 51829
51834 51842
51875 51892
51902 51927
51944 51984
51997 51999
52003 52014
52028 52032
52034 52040
52042 52047
52084 52099
52105 52118
52150 52174
52183 52184
52207 52235
52248 52256
52258 52270
52284 52302
52329 52351
52355 52360
52367 52370
52430 52436
52453 52457
52472 52479
52492 52560
52569 52576
52578 52586
52600 52608
52648 52665
52677 52701
52716 52737
52748 52751
52772 52774
52790 52796
52799 52803
52805 52852
52853 52885
52891 52896
52928 52933
52951 52959
52963 52994
52995 53031
53040 53043
53054 53066
53094 53095
53104 53126
53133 53135
53136 53141
53161 53173
53194 53205
53212 53229
53236 53277
53281 53284
53294 53299
53315 53316
53328 53345
53367 53374
53375 53386
53416 53421
53444 53451
53453 53499
53512 53566
53584 53587
53601 53602
53611 53622
53625 53637
53640 53648
53650 53657
53667 53673
53689 53691
53718 53724
53728 53759
53773 53781
53782 53783
53787 53819
53840 53859
53860 53875
53882 53898
53915 53920
53941 53942
53956 53999
54041 54052
54063 54066
54068 54092
54131 54159
54171 54189
54202 54225
54236 54239
54254 54278
54303 54332
54346 54358
54366 54377
54382 54406
54422 54426
54452 54453
54469 54539
54543 54546
54580 54582
54587 54602
54606 54609
54613 54628
54634 54639
54651 54653
54694 54717
54739 54748
54761 54779
54780 54819
54832 54841
54847 54858
54886 54916
54921 54937
54951 54975
54985 54991
54992 55061
55075 55087
55092 55095
55126 55136
55155 55174
55209 55217
55242 55257
55303 55354
55359 55373
55374 55396
55406 55447
55451 55468
55499 55511
55531 55548
55567 55572
55648 55656
55666 55669
55685 55763
55771 55793
55795 55797
55806 55808
55832 55876
55881 55893
55904 55910
55927 55931
55939 55986
56011 56058
56078 56079
56086 56087
56128 56155
56199 56222
56257 56282
56288 56296
56301 56302
56311 56332
56338 56344
56354 56358
56369 56429
56432 56444
56451 56467
56491 56508
56517 56539
56552 56556
56562 56567
56574 56575
56576 56622
56630 56709
56716 56728
56740 56769
56775 56781
56782 56789
56817 56834
56841 56851
56853 56863
56886 56903
56932 56953
56971 57012
57016 57030
57033 57040
57045 57073
57088 57097
57112 57117
57120 57148
57161 57184
57187 57190
57201 57205
57213 57227
57247 57285
57324 57351
57361 57364
57368 57379
57418 57468
57469 57498
57525 57526
57531 57534
57535 57539
57564 57570
57596 57627
57641 57689
57703 57716
57764 57766
57783 57787
57789 57813
57819 57826
57828 57853
57858 57860
57882 57903
57916 57950
57952 57970
57975 57992
58032 58039
58040 58049
58078 58079
58081 58112
58117 58129
58151 58156
58194 58223
58229 58234
58252 58272
58293 58318
58335 58336
58340 58344
58392 58401
58405 58413
58414 58416
58422 58432
58449 58461
58464 58469
58492 58503
58508 58533
58541 58546
58559 58588
58590 58600
58609 58619
58641 58643
58653 58655
58664 58687
58694 58717
58743 58747
58750 58771
58796 58809
58817 58819
58836 58838
58864 58880
58889 58898
58900 58913
58939 58940
59012 59015
59022 59034
59038 59069
59085 59097
59106 59116
59122 59134
59156 59164
59173 59197
59224 59227
59246 59249
59254 59261
59286 59301
59306 59322
59328 59330
59347 59356
59368 59389
59397 59411
59452 59477
59487 59500
59529 59578
59604 59606
59610 59634
59671 59683
59693 59707
59717 59754
59760 59776
59811 59812
59867 59877
59881 59911
59935 59936
59948 59959
59965 59982
59994 59996
60030 60043
60083 60089
60113 60124
60127 60148
60149 60160
60271 60318
60347 60358
60376 60386
60412 60422
60450 60457
60460 60465
60469 60492
60497 60503
60513 60514
60563 60608
60613 60617
60633 60645
60688 60691
60707 60709
60714 60727
60735 60738
60756 60760
60796 60805
60820 60821
60835 60864
60902 60921
60922 60950
60965 60975
60979 61003
61011 61021
61058 61097
61101 61107
61115 61132
61168 61216
61223 61230
61280 61292
61297 61308
61320 61329
61358 61360
61364 61388
61389 61391
61405 61447
61450 61459
61510 61514
61525 61526
61537 61538
61554 61567
61576 61593
61595 61612
61616 61634
61652 61686
61691 61695
61703 61706
61720 61722
61727 61756
61777 61783
61800 61830
61834 61859
61865 61873
61916 61935
61938 61962
61983 61985
61998 62020
62029 62034
62046 62087
62094 62112
62120 62125
62134 62139
62141 62145
62147 62154
62174 62193
62207 62210
62259 62260
62265 62282
62300 62308
62316 62331
62336 62337
62339 62342
62351 62367
62417 62432
62436 62461
62472 62487
62505 62517
62526 62535
62551 62554
62574 62595
62601 62613
62627 62654
62674 62723
62739 62757
62763 62804
62850 62853
62859 62873
62883 62909
62933 62942
62944 62947
62968 62969
62985 63009
63011 63016
63027 63190
63191 63211
63227 63228
63242 63247
63250 63260
63263 63286
63288 63396
63401 63403
63412 63447
63450 63463
63465 63480
63487 63489
63497 63499
63513 63516
63523 63530
63541 63546
63568 63596
63598 63601
63603 63607
63618 63637
63652 63687
63694 63706
63712 63724
63726 63730
63742 63794
63804 63812
63818 63851
63883 63893
63899 63908
63912 63934
63978 63986
64000 64016
64021 64028
64053 64059
64060 64089
64092 64100
64109 64119
64122 64143
64147 64153
64179 64211
64218 64235
64264 64274
64288 64316
64317 64357
64360 64361
64368 64388
64406 64412
64414 64415
64425 64426
64427 64435
64446 64449
64476 64508
64519 64523
64530 64541
64544 64560
64572 64627
64631 64632
64664 64679
64704 64726
64742 64743
64753 64758
64772 64796
64799 64818
64834 64837
64841 64850
64854 64897
64911 64917
64963 64972
64989 64994
65072 65085
65101 65106
65111 65122
65126 65171
65210 65211
65237 65258
65289 65303
65312 65347
65366 65373
65390 65396
65402 65411
65421 65477
65483 65486
65504 65507
65549 65561
65574 65587
65591 65597
65623 65631
65633 65636
65654 65663
65677 65699
65718 65722
65725 65739
65741 65759
65763 65780
65795 65796
65813 65820
65828 65835
65841 65853
65883 65886
65895 65904
65926 65941
65973 65989
66005 66007
66012 66034
66048 66059
66064 66072
66076 66101
66102 66104
66105 66119
66171 66222
66229 66237
66254 66270
66287 66288
66294 66302
66303 66313
66337 66365
66367 66375
66386 66411
66414 66435
66452 66474
66485 66517
66527 66535
66570 66594
66635 66650
66664 66687
66693 66697
66707 66728
66739 66742
66744 66761
66762 66784
66856 66872
66898 66937
66952 66953
66956 66959
66980 66987
67005 67009
67021 67023
67038 67046
67082 67091
67117 67122
67167 67170
67171 67174
67185 67194
67211 67232
67259 67272
67292 67304
67306 67309
67310 67345
67354 67366
67380 67386
67390 67396
67404 67407
67424 67449
67450 67453
67465 67479
67487 67514
67520 67540
67550 67570
67583 67589
67591 67628
67632 67670
67674 67676
67724 67726
67727 67735
67737 67741
67755 67785
67790 67797
67808 67814
67817 67829
67859 67874
67886 67896
67913 67919
67929 67932
67934 67946
67948 67955
67979 68002
68015 68023
68033 68044
68057 68076
68092 68133
68170 68181
68200 68268
68292 68296
68301 68329
68331 68335
68347 68349
68367 68375
68391 68393
68396 68397
68405 68432
68478 68521
68550 68575
68579 68583
68588 68592
68613 68614
68624 68657
68713 68733
68743 68750
68763 68784
68812 68888
68892 68919
68931 68949
68954 68957
68979 68997
69012 69066
69070 69104
69110 69111
69114 69117
69131 69151
69152 69154
69177 69182
69191 69218
69234 69238
69243 69273
69284 69297
69307 69316
69328 69378
69392 69396
69408 69420
69434 69469
69471 69484
69516 69521
69528 69549
69553 69576
69611 69622
69649 69682
69706 69729
69731 69733
69739 69759
69764 69790
69798 69807
69821 69856
69883 69886
69904 69924
69928 69934
69935 69974
69993 69994
70004 70005
70029 70039
70060 70070
70089 70102
70112 70143
70170 70189
70216 70236
70262 70279
70280 70302
70308 70316
70317 70356
70360 70369
70386 70422
70425 70429
70437 70453
70456 70469
70499 70511
70522 70545
70550 70572
70574 70589
70610 70619
70655 70680
70700 70703
70722 70732
70758 70777
70780 70785
70819 70821
70850 70866
70872 70913
70914 70952
71054 71066
71072 71074
71083 71122
71123 71131
71149 71167
71213 71233
71245 71252
71263 71268
71273 71309
71331 71340
71341 71384
71422 71424
71434 71457
71459 71488
71492 71506
71516 71522
71556 71561
71571 71574
71584 71612
71646 71710
71733 71736
71746 71754
71766 71792
71799 71808
71818 71820
71823 71826
71828 71844
71848 71852
71868 71874
71882 71896
71925 71937
71939 71946
71972 71976
71984 72004
72008 72036
72067 72100
72153 72173
72189 72207
72231 72256
72258 72264
72267 72274
72278 72284
72338 72373
72383 72387
72396 72403
72437 72451
72465 72472
72479 72498
72503 72531
72537 72542
72559 72581
72591 72604
72632 72639
72651 72702
72706 72709
72737 72763
72797 72815
72822 72830
72869 72881
72895 72908
72913 72917
72928 72949
72959 72962
72973 73009
73021 73042
73043 73073
73095 73117
73139 73150
73157 73173
73181 73183
73201 73207
73225 73233
73243 73247
73248 73273
73275 73278
73321 73330
73345 73349
73375 73381
73386 73419
73426 73470
73483 73501
73528 73530
73532 73558
73602 73606
73610 73615
73701 73717
73763 73772
73800 73854
73873 73887
73909 73937
73957 73958
73966 73968
74001 74006
74018 74026
74047 74100
74107 74111
74117 74147
74157 74172
74213 74244
74248 74267
74269 74291
74326 74327
74339 74362
74370 74447
74454 74465
74468 74469
74474 74475
74481 74497
74534 74542
74557 74579
74588 74635
74648 74649
74663 74671
74672 74681
74705 74715
74734 74764
74779 74801
74810 74839
74889 74891
74956 74965
74991 75006
75027 75042
75047 75048
75072 75086
75101 75111
75117 75126
75128 75167
75180 75188
75198 75200
75210 75213
75227 75230
75234 75247
75263 75266
75267 75275
75289 75293
75369 75377
75386 75391
75399 75410
75432 75437
75451 75467
75476 75484
75503 75511
75512 75514
75521 75551
75560 75568
75574 75592
75597 75604
75629 75640
75661 75681
75687 75708
75713 75743
75748 75762
75764 75765
75789 75794
75803 75828
75863 75879
75902 75908
75914 75926
76008 76031
76058 76060
76070 76090
76095 76111
76121 76141
76148 76152
76166 76195
76218 76262
76282 76293
76294 76296
76347 76363
76383 76398
76402 76409
76428 76435
76488 76513
76522 76523
76526 76542
76555 76563
76571 76574
76588 76613
76619 76654
76658 76691
76700 76704
76711 76721
76732 76741
76747 76761
76774 76791
76806 76839
76851 76894
76906 76920
76957 76966
76984 76989
77001 77027
77046 77050
77052 77055
77065 77075
77076 77102
77107 77111
77112 77115
77124 77127
77136 77143
77150 77211
77220 77237
77244 77254
77267 77274
77280 77289
77305 77306
77318 77346
77355 77380
77389 77410
77417 77435
77445 77456
77461 77474
77481 77571
77582 77591
77607 77609
77621 77639
77655 77687
77691 77694
77715 77718
77735 77740
77778 77780
77795 77799
77826 77827
77849 77860
77893 77906
77909 77951
77957 77979
78000 78009
78028 78067
78070 78077
78080 78101
78144 78159
78162 78210
78211 78222
78223 78237
78253 78273
78274 78340
78341 78358
78360 78370
78372 78383
78399 78402
78405 78417
78426 78430
78444 78448
78455 78471
78486 78487
78500 78510
78521 78524
78532 78552
78566 78567
78585 78587
78588 78595
78608 78640
78644 78662
78663 78674
78687 78704
78705 78750
78754 78756
78793 78802
78844 78852
78859 78863
78874 78899
78925 78948
78957 78964
78980 78992
79014 79019
79027 79031
79046 79047
79061 79070
79101 79124
79125 79129
79132 79133
79153 79154
79179 79209
79223 79226
79229 79241
79263 79336
79339 79353
79381 79389
79400 79418
79430 79440
79467 79471
79476 79488
79512 79531
79540 79545
79550 79555
79582 79586
79607 79615
79623 79686
79741 79764
79778 79791
79809 79821
79826 79838
79883 79892
79936 79960
79987 79989
80013 80055
80057 80087
80090 80095
80102 80118
80142 80155
80165 80186
80200 80204
80228 80249
80261 80267
80271 80275
80296 80326
80364 80385
80402 80410
80436 80479
80490 80513
80514 80522
80559 80594
80618 80620
80625 80639
80654 80665
80677 80702
80708 80744
80758 80786
80791 80804
80821 80836
80843 80877
80908 80914
80915 80963
80977 80987
81038 81044
81052 81057
81069 81098
81103 81107
81137 81148
81157 81164
81185 81196
81212 81237
81241 81253
81282 81309
81313 81337
81345 81348
81364 81380
81382 81414
81442 81451
81462 81508
81509 81531
81541 81590
81628 81631
81660 81689
81713 81715
81721 81733
81737 81755
81760 81769
81771 81773
81774 81776
81801 81860
81861 81948
81949 81961
81965 81973
82002 82003
82008 82011
82018 82022
82025 82029
82033 82042
82047 82081
82086 82087
82089 82101
82113 82124
82131 82146
82202 82205
82216 82218
82262 82269
82270 82297
82308 82329
82348 82393
82400 82413
82429 82432
82437 82438
82449 82456
82457 82462
82476 82491
82511 82513
82538 82573
82599 82653
82686 82721
82726 82736
82738 82760
82766 82819
82848 82849
82855 82856
82879 82881
82884 82886
82937 82948
82960 82971
82979 82992
83010 83043
83046 83056
83062 83063
83069 83071
83093 83094
83160 83181
83185 83234
83239 83253
83259 83279
83280 83329
83334 83346
83386 83418
83442 83458
83462 83494
83500 83505
83523 83530
83551 83563
83643 83665
83667 83674
83713 83719
83735 83741
83745 83760
83775 83781
83818 83819
83823 83830
83847 83855
83860 83871
83872 83909
83919 83925
83932 83934
83938 83963
83993 84008
84020 84053
84054 84069
84073 84085
84100 84112
84131 84182
84189 84190
84195 84205
84235 84262
84268 84284
84287 84295
84298 84300
84307 84308
84313 84332
84358 84365
84367 84419
84436 84437
84444 84454
84466 84480
84489 84533
84548 84562
84575 84604
84640 84645
84646 84653
84661 84707
84737 84745
84750 84769
84804 84807
84817 84854
84865 84872
84917 84923
84939 84956
84960 84967
84993 84995
85029 85045
85059 85071
85095 85097
85108 85139
85154 85159
85169 85172
85181 85267
85281 85289
85306 85310
85319 85335
85362 85394
85405 85414
85428 85465
85481 85490
85495 85506
85510 85556
85603 85610
85624 85625
85637 85662
85705 85709
85719 85733
85750 85752
85764 85791
85799 85811
85815 85819
85822 85825
85835 85858
85926 85927
85933 85944
86013 86064
86065 86084
86104 86110
86114 86133
86144 86156
86158 86195
86214 86244
86247 86297
86316 86317
86328 86335
86345 86348
86361 86417
86476 86513
86554 86589
86612 86615
86622 86637
86643 86661
86700 86720
86724 86729
86733 86740
86750 86782
86803 86811
86838 86861
86879 86963
86964 86995
87014 87016
87027 87070
87096 87097
87130 87201
87203 87258
87270 87277
87325 87340
87361 87372
87373 87412
87413 87440
87441 87467
87481 87496
87505 87546
87553 87564
87593 87596
87606 87613
87624 87629
87651 87654
87680 87681
87686 87721
87728 87749
87759 87770
87791 87795
87811 87835
87838 87863
87877 87882
87937 87957
87968 87999
88005 88013
88070 88096
88102 88111
88164 88165
88212 88215
88247 88276
88280 88282
88311 88330
88344 88377
88379 88402
88416 88426
88432 88462
88463 88477
88525 88541
88542 88560
88565 88571
88635 88658
88665 88668
88689 88707
88712 88725
88746 88751
88753 88759
88761 88771
88775 88794
88807 88864
88892 88895
88905 88910
88926 88928
88970 89023
89027 89040
89047 89052
89090 89109
89124 89129
89138 89223
89233 89252
89278 89286
89323 89330
89331 89337
89350 89362
89366 89395
89398 89412
89415 89429
89444 89448
89474 89476
89480 89515
89530 89532
89533 89541
89556 89611
89628 89637
89639 89654
89655 89686
89716 89739
89761 89767
89790 89791
89795 89801
89803 89815
89821 89825
89827 89841
89860 89863
89873 89874
89942 89951
89952 89960
89964 89971
89978 89987
89991 90000
90004 90006
90009 90084
90111 90120
90125 90138
90197 90203
90217 90244
90247 90249
90265 90272
90338 90373
90388 90415
90419 90441
90486 90503
90515 90521
90584 90602
90611 90612
90613 90619
90625 90630
90665 90668
90705 90746
90772 90773
90785 90806
90808 90842
90865 90890
90896 90899
90939 90942
90955 91004
91020 91082
91083 91127
91141 91146
91150 91163
91181 91207
91259 91264
91289 91293
91301 91337
91348 91360
91364 91396
91409 91421
91437 91444
91461 91481
91506 91508
91516 91542
91545 91651
91652 91672
91692 91695
91698 91731
91737 91751
91780 91784
91811 91822
91849 91867
91902 91919
91923 91937
91943 91962
91964 91990
91992 92003
92005 92015
92034 92083
92103 92146
92149 92176
92207 92222
92276 92284
92288 92303
92307 92337
92338 92372
92374 92383
92392 92411
92465 92480
92510 92514
92530 92573
92595 92634
92644 92658
92697 92702
92720 92735
92811 92812
92853 92880
92883 92894
92918 92923
92948 92953
92964 92976
92993 93017
93018 93046
93095 93107
93114 93135
93137 93186
93195 93214
93238 93248
93256 93263
93266 93334
93338 93380
93383 93394
93429 93435
93441 93446
93460 93512
93528 93569
93582 93601
93602 93626
93638 93649
93666 93731
93737 93784
93791 93808
93840 93841
93845 93851
93863 93888
93898 93902
93938 93973
93998 94010
94024 94031
94033 94089
94134 94171
94185 94214
94240 94249
94262 94310
94322 94325
94332 94335
94340 94362
94365 94381
94410 94442
94488 94509
94510 94527
94555 94557
94564 94606
94618 94660
94665 94666
94684 94691
94709 94725
94768 94782
94786 94792
94809 94813
94821 94823
94824 94852
94869 94875
94877 94893
94906 94917
94945 94959
94967 94968
94974 95031
95038 95042
95051 95081
95085 95101
95116 95132
95148 95178
95196 95217
95252 95257
95289 95299
95311 95316
95326 95329
95375 95387
95389 95408
95410 95449
95453 95494
95524 95589
95600 95623
95647 95653
95658 95699
95721 95723
95726 95761
95764 95779
95784 95786
95796 95806
95822 95835
95836 95850
95853 95878
95882 95885
95914 95915
95917 95945
95978 96002
96005 96021
96032 96057
96073 96132
96133 96142
96156 96184
96209 96210
96222 96223
96226 96230
96240 96252
96275 96294
96298 96302
96304 96311
96347 96360
96388 96393
96402 96406
96414 96426
96433 96442
96443 96458
96466 96472
96474 96479
96481 96483
96495 96500
96504 96509
96518 96567
96582 96584
96626 96629
96641 96680
96684 96694
96695 96696
96710 96746
96762 96766
96767 96768
96809 96815
96836 96844
96871 96918
96921 96933
96940 96943
96944 96957
96958 96965
96974 96975
96978 97001
97002 97003
97019 97034
97037 97043
97051 97053
97054 97056
97058 97070
97092 97146
97186 97203
97237 97243
97247 97271
97279 97288
97330 97338
97345 97346
97386 97410
97417 97429
97458 97463
97506 97564
97571 97574
97586 97590
97604 97605
97615 97640
97653 97666
97704 97711
97712 97714
97735 97737
97740 97749
97767 97799
97816 97827
97846 97849
97853 97870
97879 97897
97898 97908
97910 97923
97928 97937
97940 97949
97952 97981
98021 98031
98073 98079
98091 98094
98125 98201
98206 98225
98235 98245
98263 98266
98270 98273
98279 98286
98289 98294
98304 98305
98322 98326
98330 98370
98371 98423
98433 98451
98459 98463
98473 98477
98496 98512
98550 98596
98607 98619
98626 98634
98637 98641
98654 98700
98728 98744
98752 98818
98821 98833
98870 98871
98901 98915
98927 98940
98942 98952
98955 98995
99028 99039
99042 99073
99091 99108
99111 99118
99123 99162
99168 99188
99207 99257
99259 99276
99279 99287
99301 99309
99318 99347
99357 99368
99377 99396
99408 99414
99424 99427
99435 99464
99496 99523
99528 99579
99594 99602
99607 99634
99642 99647
99650 99660
99701 99705
99741 99743
99744 99761
99828 99867
99868 99875
99884 99899
99958 99983
99990 100007
100020 100024
100030 100033
100044 100048
100063 100083
100116 100123
100173 100186
100193 100197
100209 100210
100220 100228
100241 100248
100268 100275
100289 100303
100324 100329
100341 100356
100357 100361
100367 100396
100405 100414
100415 100425
100426 100436
100446 100454
100464 100473
100475 100487
100503 100543
100548 100550
100564 100568
100574 100583
100588 100595
100608 100610
100650 100753
100766 100769
100781 100791
100797 100843
100853 100854
100867 100901
100914 100923
100924 100953
100957 100976
100990 101005
101010 101060
101061 101062
101065 101084
101134 101214
101231 101238
101246 101315
101321 101322
101352 101368
101371 101373
101382 101389
101390 101404
101413 101420
101429 101435
101437 101438
101445 101447
101451 101464
101472 101497
101510 101513
101518 101542
101548 101555
101602 101611
101642 101654
101669 101686
101688 101698
101702 101721
101729 101733
101735 101758
101774 101782
101784 101794
101850 101861
101876 101887
101889 101916
101920 101945
101959 101961
101969 101973
102000 102004
102090 102092
102096 102104
102135 102167
102178 102183
102214 102248
102256 102287
102290 102294
102295 102298
102303 102306
102307 102342
102353 102379
102398 102447
102448 102456
102466 102485
102504 102508
102521 102523
102530 102532
102538 102550
102554 102571
102596 102604
102609 102613
102624 102638
102658 102677
102678 102684
102696 102718
102751 102752
102790 102797
102813 102817
102844 102883
102886 102915
102922 102925
102928 102940
102986 102993
102995 103005
103007 103008
103015 103029
103084 103085
103093 103170
103185 103210
103260 103269
103319 103328
103333 103357
103396 103421
103444 103450
103467 103485
103494 103513
103515 103533
103547 103554
103613 103615
103633 103651
103655 103658
103664 103687
103695 103701
103720 103757
103761 103814
103837 103846
103852 103853
103861 103862
103877 103885
103905 103921
103939 103940
103961 103966
103997 103998
104004 104021
104025 104033
104037 104039
104071 104087
104109 104120
104130 104147
104160 104181
104184 104224
104262 104316
104338 104359
104363 104372
104382 104422
104432 104444
104449 104457
104505 104578
104590 104641
104645 104653
104659 104684
104714 104717
104718 104726
104734 104753
104784 104786
104790 104791
104794 104819
104841 104843
104844 104845
104857 104895
104929 104934
104935 104959
104962 104965
104981 105003
105027 105052
105062 105074
105077 105080
105084 105092
105094 105098
105103 105132
105134 105141
105144 105148
105169 105170
105171 105204
105217 105259
105268 105287
105311 105327
105363 105393
105403 105410
105417 105422
105449 105450
105459 105484
105486 105502
105522 105527
105544 105547
105549 105552
105557 105569
105590 105603
105613 105614
105626 105640
105641 105642
105662 105675
105702 105711
105713 105723
105735 105750
105751 105753
105822 105886
105887 105891
105900 105913
105938 105953
105963 105966
105988 105996
106002 106018
106025 106066
106079 106093
106102 106103
106113 106137
106167 106176
106178 106181
106194 106204
106216 106233
106241 106247
106253 106270
106279 106294
106315 106337
106356 106366
106389 106393
106410 106428
106460 106462
106474 106477
106479 106486
106515 106544
106554 106560
106568 106619
106656 106665
106669 106674
106684 106701
106731 106736
106756 106769
106776 106803
106813 106814
106834 106837
106843 106862
106883 106891
106911 106926
106935 106943
106974 106979
107046 107067
107071 107074
107075 107101
107106 107116
107125 107172
107179 107191
107203 107224
107225 107230
107258 107265
107315 107340
107366 107374
107387 107392
107402 107417
107428 107431
107461 107469
107500 107512
107561 107564
107571 107587
107588 107589
107592 107606
107621 107649
107658 107677
107687 107745
107770 107794
107825 107839
107845 107851
107877 107896
107921 107926
107933 107935
107991 107997
108027 108053
108065 108081
108098 108107
108134 108177
108201 108225
108248 108250
108253 108259
108270 108275
108277 108297
108309 108321
108357 108375
108379 108388
108394 108397
108407 108419
108423 108427
108428 108435
108447 108476
108511 108519
108524 108532
108544 108562
108580 108593
108600 108627
108667 108677
108687 108701
108723 108729
108734 108781
108783 108822
108879 108883
108903 108945
108958 108967
108975 108996
109002 109009
109027 109080
109091 109099
109102 109105
109139 109145
109147 109152
109169 109177
109196 109216
109220 109227
109229 109230
109238 109256
109277 109282
109285 109296
109366 109371
109396 109419
109422 109435
109446 109447
109450 109460
109479 109506
109516 109520
109521 109561
109570 109593
109599 109616
109623 109627
109632 109635
109644 109655
109657 109767
109772 109800
109837 109843
109858 109886
109890 109906
109915 109972
109978 110012
110025 110043
110048 110055
110058 110098
110121 110161
110193 110194
110198 110226
110250 110285
110292 110319
110325 110347
110357 110378
110388 110416
110420 110421
110426 110441
110446 110463
110469 110472
110481 110496
110497 110543
110603 110606
110622 110633
110645 110680
110682 110694
110696 110702
110705 110707
110720 110721
110740 110743
110757 110769
110777 110800
110802 110814
110852 110894
110911 110922
110964 110980
111011 111054
111058 111080
111081 111106
111107 111114
111144 111149
111158 111169
111170 111182
111187 111231
111269 111278
111357 111361
111366 111445
111447 111449
111458 111460
111466 111468
111504 111510
111516 111530
111535 111644
111652 111670
111673 111701
111709 111711
111712 111719
111741 111742
111745 111750
111776 111780
111824 111825
111827 111841
111844 111853
111855 111882
111892 111901
111910 111912
111919 111920
111932 111953
111960 111969
111983 111988
112018 112030
112032 112039
112084 112104
112110 112122
112123 112127
112134 112136
112142 112168
112183 112200
112208 112221
112231 112239
112248 112249
112275 112315
112334 112359
112368 112376
112380 112386
112434 112436
112446 112466
112467 112536
112555 112561
112570 112575
112576 112597
112626 112638
112644 112650
112659 112678
112684 112694
112711 112723
112760 112763
112791 112803
112811 112859
112868 112877
112885 112901
112918 112924
112934 112953
113012 113056
113063 113072
113077 113079
113083 113117
113144 113147
113152 113198
113206 113244
113265 113268
113337 113382
113405 113412
113414 113433
113435 113442
113470 113524
113541 113566
113570 113579
113587 113589
113594 113600
113601 113609
113617 113620
113650 113681
113693 113751
113757 113771
113799 113803
113825 113826
113861 113866
113884 113885
113904 113927
113982 113983
113989 113995
113997 114054
114058 114061
114063 114080
114084 114090
114093 114096
114107 114116
114128 114144
114184 114193
114195 114220
114245 114248
114261 114283
114292 114313
114316 114345
114361 114396
114403 114420
114421 114444
114485 114489
114510 114525
114567 114569
114579 114592
114598 114609
114616 114620
114623 114624
114652 114685
114687 114702
114709 114748
114762 114831
114839 114851
114853 114864
114866 114908
114914 114919
114920 114928
114941 114943
114954 114980
114985 114996
115002 115019
115020 115021
115034 115063
115070 115113
115126 115146
115154 115155
115165 115177
115190 115203
115214 115233
115248 115257
115283 115310
115313 115339
115363 115376
115381 115390
115415 115425
115433 115450
115455 115466
115474 115522
115527 115542
115547 115548
115591 115611
115612 115628
115640 115654
115679 115683
115692 115702
115734 115740
115782 115810
115870 115922
115936 115988
116035 116054
116058 116108
116113 116134
116171 116180
116253 116258
116289 116291
116292 116294
116348 116368
116370 116376
116379 116394
116404 116409
116418 116420
116431 116442
116451 116483
116485 116520
116525 116526
116533 116536
116541 116573
116584 116590
116591 116645
116650 116662
116678 116684
116694 116696
116714 116727
116735 116755
116764 116776
116789 116828
116845 116874
116877 116882
116884 116891
116899 116943
116956 116991
117000 117016
117038 117040
117043 117049
117067 117091
117093 117094
117104 117108
117115 117123
117136 117138
117160 117166
117189 117190
117201 117214
117269 117273
117291 117296
117303 117312
117314 117320
117322 117323
117327 117330
117337 117350
117372 117405
117437 117440
117445 117449
117453 117458
117472 117475
117477 117488
117489 117531
117538 117540
117550 117573
117574 117600
117601 117612
117629 117639
117651 117676
117710 117742
117752 117788
117798 117826
117832 117837
117843 117860
117919 117927
117936 117945
117948 117949
117971 118021
118053 118058
118086 118101
118104 118110
118177 118187
118196 118207
118228 118235
118258 118263
118312 118318
118363 118378
118426 118442
118445 118446
118475 118507
118523 118527
118528 118539
118543 118547
118550 118567
118577 118581
118583 118587
118645 118664
118674 118676
118685 118692
118704 118707
118710 118715
118719 118732
118738 118780
118786 118791
118795 118829
118834 118838
118842 118865
118869 118917
118924 118925
118927 118938
118958 118993
118997 119006
119018 119048
119051 119059
119061 119063
119064 119140
119154 119174
119191 119202
119213 119224
119232 119247
119275 119288
119293 119316
119354 119357
119366 119374
119386 119402
119406 119418
119424 119437
119454 119479
119512 119516
119519 119537
119544 119558
119577 119584
119595 119607
119630 119647
119648 119653
119654 119662
119663 119703
119765 119768
119770 119796
119817 119819
119850 119851
119858 119874
119883 119905
119932 119946
119958 119964
119980 119994
120008 120019
120025 120060
120077 120096
120113 120124
120126 120132
120133 120138
120144 120149
120156 120169
120172 120191
120208 120230
120234 120238
120247 120261
120314 120336
120389 120390
120405 120406
120418 120423
120425 120441
120443 120446
120454 120459
120465 120502
120529 120530
120554 120641
120661 120682
120689 120696
120698 120715
120734 120743
120745 120763
120788 120826
120837 120858
120860 120882
120883 120944
120947 120952
120970 120981
120993 120994
121002 121043
121118 121131
121141 121182
121213 121229
121234 121235
121239 121259
121265 121298
121300 121308
121347 121350
121354 121355
121369 121392
121399 121401
121413 121421
121425 121438
121447 121458
121459 121462
121511 121564
121635 121645
121655 121669
121670 121675
121695 121699
121707 121712
121719 121725
121779 121799
121834 121867
121868 121873
121876 121893
121897 121932
121960 121961
121968 121985
122009 122016
122017 122018
122051 122064
122068 122071
122085 122096
122104 122123
122127 122129
122132 122148
122159 122186
122193 122196
122229 122264
122347 122359
122399 122438
122442 122448
122503 122517
122529 122538
122547 122559
122569 122584
122592 122612
122622 122629
122648 122649
122653 122668
122691 122707
122742 122748
122749 122758
122772 122794
122813 122814
122819 122844
122850 122905
122911 122931
122934 122955
122957 123024
123036 123064
123073 123084
123095 123098
123104 123110
123162 123163
123177 123198
123202 123203
123224 123240
123269 123272
123273 123274
123317 123320
123353 123367
123368 123385
123386 123415
123451 123459
123489 123510
123519 123521
123535 123541
123559 123576
123601 123617
123628 123635
123656 123683
123712 123721
123722 123750
123751 123763
123766 123773
123832 123839
123851 123857
123875 123893
123900 123907
123956 123977
123991 124014
124020 124027
124033 124063
124078 124088
124096 124126
124134 124150
124162 124185
124216 124218
124229 124243
124272 124280
124304 124322
124325 124342
124346 124349
124351 124356
124384 124386
124394 124400
124410 124411
124420 124423
124428 124496
124511 124524
124538 124541
124543 124545
124547 124554
124588 124625
124646 124651
124670 124675
124687 124718
124719 124753
124756 124761
124775 124776
124792 124809
124810 124847
124871 124875
124892 124900
124907 124909
124935 124945
124966 125015
125039 125045
125057 125061
125071 125087
125099 125109
125111 125119
125123 125151
125153 125164
125195 125202
125208 125209
125221 125233
125238 125244
125287 125290
125301 125316
125333 125334
125336 125351
125365 125375
125407 125424
125426 125433
125456 125487
125498 125552
125570 125581
125610 125628
125637 125646
125650 125655
125775 125787
125792 125794
125842 125844
125846 125871
125874 125879
125896 125943
125956 125965
125969 125975
125997 126013
126026 126033
126039 126046
126047 126057
126090 126100
126104 126112
126117 126124
126136 126143
126146 126147
126157 126189
126204 126215
126221 126226
126240 126247
126273 126312
126317 126343
126357 126382
126390 126404
126415 126434
126451 126463
126499 126511
126539 126550
126591 126650
126694 126721
126735 126757
126768 126802
126821 126835
126859 126875
126883 126896
126905 126918
126944 126953
126958 126976
127002 127015
127101 127106
127110 127122
127127 127150
127158 127160
127169 127193
127200 127251
127258 127264
127285 127286
127301 127315
127316 127332
127357 127397
127401 127414
127418 127435
127442 127465
127483 127487
127496 127501
127509 127522
127527 127537
127540 127547
127559 127564
127582 127601
127602 127628
127654 127674
127678 127682
127723 127756
127776 127788
127792 127797
127799 127800
127811 127818
127822 127861
127875 127880
127920 127935
127962 127963
127992 127997
128061 128077
128096 128104
128151 128163
128178 128197
128205 128210
128215 128228
128232 128236
128256 128265
128268 128270
128273 128290
128295 128306
128314 128315
128337 128383
128391 128397
128420 128432
128474 128567
128568 128583
128584 128590
128617 128642
128646 128650
128671 128680
128719 128732
128735 128746
128773 128822
128827 128828
128863 128867
128878 128895
128896 128907
128917 128919
128924 128928
128934 128939
128950 128961
128980 128985
129014 129016
129027 129067
129112 129115
129121 129146
129148 129161
129164 129188
129208 129212
129224 129232
129263 129342
129353 129380
129383 129395
129419 129449
129451 129453
129472 129512
129527 129533
129536 129551
129561 129568
129569 129603
129624 129627
129629 129634
129668 129670
129671 129679
129689 129696
129749 129756
129776 129799
129813 129842
129859 129871
129873 129879
129900 129909
129917 129921
129942 129949
129954 129956
129968 129994
130008 130041
130062 130094
130096 130101
130103 130106
130109 130148
130161 130197
130203 130213
130222 130231
130235 130238
130252 130254
130288 130345
130350 130379
130411 130412
130418 130423
130430 130437
130444 130446
130473 130474
130519 130525
130543 130568
130569 130589
130591 130592
130602 130603
130606 130645
130646 130653
130654 130684
130696 130697
130705 130735
130737 130782
130787 130793
130811 130853
130859 130878
130881 130884
130910 130930
130939 130945
130949 130969
130983 131021
131031 131034
131038 131042
131050 131060
131076 131098
131129 131132
131144 131146
131148 131164
131167 131170
131196 131203
131213 131218
131291 131301
131308 131331
131343 131368
131369 131380
131393 131399
131409 131414
131445 131457
131494 131516
131522 131524
131587 131597
131625 131633
131644 131653
131658 131662
131669 131688
131704 131725
131736 131745
131760 131761
131788 131804
131811 131818
131819 131830
131856 131858
131872 131876
131879 131894
131895 131923
131927 131935
131953 131959
131985 131990
131998 132018
132026 132029
132052 132058
132062 132070
132082 132092
132124 132143
132150 132214
132217 132245
132267 132308
132313 132326
132329 132351
132370 132396
132429 132545
132548 132584
132602 132609
132629 132655
132682 132735
132744 132750
132752 132754
132764 132788
132789 132803
132805 132840
132866 132878
132882 132903
132917 132925
132931 132936
132941 132970
132981 133011
133014 133015
133048 133073
133079 133122
133128 133166
133195 133207
133216 133237
133256 133279
133283 133288
133303 133337
133344 133406
133413 133419
133448 133461
133467 133471
133484 133489
133493 133497
133504 133508
133510 133521
133523 133529
133546 133568
133589 133593
133608 133618
133645 133682
133688 133736
133756 133767
133774 133776
133782 133805
133814 133844
133853 133870
133888 133939
133944 133947
133970 133994
134008 134012
134056 134070
134076 134090
134092 134100
134136 134137
134228 134255
134258 134306
134354 134356
134359 134361
134362 134363
134375 134404
134408 134421
134430 134446
134477 134526
134600 134601
134613 134651
134665 134676
134695 134714
134718 134738
134748 134755
134770 134782
134801 134820
134886 134894
134928 134955
134960 134967
134995 135022
135029 135037
135044 135047
135064 135069
135081 135092
135108 135122
135125 135140
135148 135160
135161 135164
135168 135181
135182 135208
135216 135219
135240 135248
135251 135281
135290 135311
135340 135341
135349 135354
135363 135373
135387 135391
135423 135434
135501 135511
135518 135521
135532 135556
135572 135600
135605 135614
135625 135632
135653 135682
135683 135684
135685 135708
135748 135778
135785 135795
135801 135805
135809 135838
135860 135861
135890 135933
135946 135960
135964 135982
135983 135999
136007 136020
136023 136034
136051 136082
136102 136110
136118 136121
136123 136133
136137 136141
136144 136175
136200 136205
136211 136212
136214 136229
136245 136256
136290 136293
136349 136373
136391 136408
136411 136415
136428 136430
136434 136441
136445 136457
136476 136492
136505 136528
136581 136593
136601 136607
136614 136625
136683 136697
136714 136738
136739 136740
136760 136762
136764 136765
136769 136771
136779 136798
136917 136922
136932 136960
136964 136967
136968 136971
136979 137025
137078 137085
137107 137141
137149 137189
137191 137203
137205 137222
137241 137258
137274 137284
137285 137296
137297 137299
137304 137357
137371 137382
137403 137426
137438 137443
137450 137469
137477 137487
137492 137498
137499 137546
137555 137582
137597 137662
137666 137672
137677 137685
137705 137731
137732 137733
137748 137780
137788 137804
137836 137842
137863 137868
137875 137916
137917 137940
137949 137985
137995 138000
138009 138020
138033 138054
138056 138066
138077 138097
138117 138134
138151 138165
138182 138199
138221 138223
138246 138254
138255 138280
138317 138320
138321 138323
138325 138338
138348 138352
138363 138374
138390 138400
138405 138417
138451 138464
138469 138498
138503 138505
138522 138528
138559 138574
138627 138636
138662 138669
138712 138713
138743 138746
138788 138811
138816 138862
138885 138891
138906 138907
138950 138954
138973 138978
138984 139000
139004 139035
139037 139048
139058 139072
139080 139091
139106 139108
139128 139187
139197 139205
139210 139217
139223 139232
139233 139264
139265 139272
139279 139284
139285 139322
139325 139345
139349 139355
139358 139359
139401 139447
139472 139498
139503 139505
139529 139573
139581 139588
139604 139614
139627 139644
139665 139677
139687 139696
139711 139728
139733 139746
139755 139764
139769 139798
139811 139827
139850 139859
139866 139880
139930 139933
139936 139949
139953 139958
139978 139991
140010 140029
140043 140047
140055 140057
140071 140082
140090 140137
140138 140172
140180 140197
140211 140222
140247 140257
140262 140290
140298 140302
140308 140311
140319 140330
140337 140351
140359 140360
140374 140394
140414 140434
140441 140448
140463 140488
140526 140576
140651 140679
140680 140681
140703 140714
140733 140757
140763 140765
140831 140855
140856 140861
140862 140900
140931 140935
140936 140965
140979 140996
140998 141003
141050 141056
141067 141075
141083 141086
141101 141115
141125 141128
141133 141134
141135 141136
141176 141178
141184 141216
141233 141247
141264 141276
141293 141296
141300 141340
141343 141376
141383 141415
141427 141436
141437 141449
141453 141459
141475 141485
141497 141510
141512 141513
141521 141533
141534 141538
141548 141551
141560 141577
141585 141592
141595 141596
141598 141602
141603 141618
141633 141640
141645 141647
141649 141659
141681 141683
141685 141687
141694 141701
141717 141756
141758 141771
141800 141806
141836 141857
141859 141860
141862 141882
141883 141899
141928 141932
141934 141939
141954 141988
142009 142057
142061 142069
142073 142106
142108 142112
142121 142125
142153 142203
142226 142230
142257 142265
142287 142299
142362 142365
142370 142412
142413 142422
142444 142498
142501 142507
142527 142540
142542 142566
142567 142569
142570 142571
142586 142589
142622 142632
142635 142652
142690 142721
142739 142744
142747 142767
142777 142798
142811 142825
142835 142839
142847 142862
142864 142886
142899 142906
142911 142926
142935 142936
142983 143015
143021 143026
143032 143055
143058 143093
143153 143160
143165 143178
143193 143202
143206 143211
143226 143236
143241 143249
143266 143279
143287 143291
143310 143331
143333 143335
143360 143389
143398 143465
143481 143499
143520 143525
143537 143539
143579 143594
143603 143606
143609 143644
143651 143681
143699 143705
143710 143739
143740 143746
143751 143764
143793 143800
143816 143823
143834 143843
143844 143853
143854 143864
143867 143880
143907 143922
143960 143976
144021 144145
144164 144216
144239 144269
144295 144312
144335 144352
144370 144371
144385 144397
144405 144406
144408 144425
144484 144495
144500 144518
144567 144581
144605 144613
144619 144625
144644 144657
144736 144737
144759 144760
144770 144783
144807 144819
144931 144941
144970 144983
144997 145032
145053 145059
145071 145072
145074 145076
145077 145106
145124 145133
145140 145145
145149 145170
145179 145184
145197 145231
145235 145241
145251 145272
145291 145301
145313 145334
145337 145343
145345 145348
145350 145377
145387 145389
145395 145426
145429 145439
145444 145457
145477 145488
145490 145502
145507 145528
145531 145543
145544 145560
145565 145577
145616 145636
145668 145705
145713 145748
145767 145775
145776 145781
145784 145789
145796 145806
145812 145851
145882 145907
145913 145917
145924 145931
145959 145960
145966 145986
145990 145996
146005 146007
146011 146025
146060 146071
146076 146079
146080 146109
146112 146138
146140 146143
146145 146151
146188 146226
146301 146308
146311 146316
146326 146344
146349 146355
146357 146414
146415 146436
146440 146460
146468 146473
146478 146544
146564 146585
146616 146627
146636 146638
146665 146679
146686 146728
146755 146786
146788 146804
146833 146837
146838 146841
146853 146855
146875 146883
146915 146919
146948 146971
146990 146997
146999 147004
147018 147031
147048 147072
147087 147089
147138 147172
147220 147237
147246 147250
147267 147334
147335 147338
147343 147352
147382 147388
147401 147410
147421 147437
147445 147448
147499 147504
147505 147528
147531 147546
147554 147555
147580 147594
147639 147645
147655 147668
147675 147697
147709 147711
147768 147774
147827 147848
147851 147856
147871 147875
147876 147883
147922 147955
147986 147990
148008 148046
148056 148096
148098 148104
148108 148112
148113 148123
148128 148133
148144 148152
148165 148187
148190 148215
148229 148265
148279 148284
148295 148331
148333 148336
148337 148365
148391 148397
148417 148426
148428 148433
148437 148448
148449 148459
148464 148469
148470 148488
148492 148498
148512 148519
148526 148566
148639 148644
148679 148687
148714 148716
148718 148719
148743 148790
148805 148852
148870 148921
148939 148977
148994 149000
149006 149010
149024 149049
149052 149055
149057 149069
149083 149109
149148 149168
149197 149209
149227 149251
149273 149279
149288 149292
149324 149330
149339 149345
149348 149376
149430 149446
149454 149468
149476 149511
149560 149564
149568 149570
149584 149590
149623 149625
149630 149639
149643 149652
149671 149673
149678 149727
149769 149770
149782 149789
149794 149801
149803 149824
149850 149878
149880 149882
149883 149892
149900 149915
149918 149934
149952 149956
149979 149994
