0 0
2 1
2 2
3 3
3 4
3 5
3 6
3 7
4 9
4 10
5 11
6 11
6 12
7 14
9 15
10 15
10 16
11 17
11 18
12 19
13 20
13 21
13 22
14 22
14 23
15 27
15 28
16 32
16 33
18 35
18 36
18 37
19 37
20 38
20 39
20 40
21 42
22 42
24 43
25 43
26 45
27 46
30 49
30 50
31 50
31 51
32 53
33 56
35 60
36 61
37 61
38 64
39 64
39 65
39 66
39 67
40 67
40 68
41 68
41 69
41 70
42 71
43 71
44 72
44 73
44 74
44 75
44 76
45 76
45 77
46 79
47 80
48 80
48 81
49 81
49 82
49 83
49 84
50 86
51 87
52 88
53 88
53 89
55 90
55 91
57 92
57 93
59 94
60 95
61 95
62 96
63 98
63 99
63 100
64 100
64 101
64 102
65 103
66 103
67 104
70 110
70 111
70 112
72 113
73 113
74 114
75 116
76 116
78 117
79 117
80 119
81 119
82 121
83 121
83 122
84 124
84 125
85 126
85 127
86 128
86 129
87 131
89 136
90 139
91 140
91 141
92 143
93 143
93 144
94 145
94 146
95 146
96 148
96 149
96 150
97 152
97 153
97 154
98 154
100 155
101 155
101 156
103 158
105 160
107 161
110 162
111 163
113 166
114 167
116 170
116 171
116 172
118 173
119 173
120 173
121 174
123 178
124 179
125 182
126 183
126 184
127 184
127 185
128 185
129 185
129 186
130 187
132 191
135 192
136 195
137 198
138 199
139 199
139 200
139 201
140 201
141 201
141 202
141 203
142 203
143 204
143 205
143 206
144 207
146 209
146 210
146 211
147 212
149 215
149 216
150 217
150 218
151 219
152 219
153 222
154 223
155 224
156 226
157 227
157 228
157 229
157 230
157 231
158 231
160 233
160 234
161 234
161 235
161 236
161 237
162 238
163 240
164 241
164 242
165 242
166 243
167 243
168 245
169 247
170 247
170 248
170 249
170 250
171 250
172 251
172 252
173 253
174 253
174 254
175 255
178 258
178 259
180 260
181 261
181 262
181 263
182 263
183 263
183 264
184 264
185 265
185 266
186 267
187 268
188 268
189 269
190 269
191 270
191 271
193 273
195 274
196 274
196 275
197 276
197 277
198 277
198 278
200 281
201 281
202 281
203 282
203 283
204 283
207 285
208 287
208 288
210 289
211 289
212 290
212 291
212 292
213 294
213 295
214 296
215 297
216 297
216 298
217 299
218 300
218 301
219 302
220 303
221 304
221 305
222 306
222 307
222 308
222 309
222 310
222 311
223 312
223 313
224 313
224 314
225 316
226 317
227 317
228 319
228 320
229 321
230 322
231 323
232 323
234 328
235 331
235 332
237 334
238 335
238 336
239 337
239 338
239 339
241 340
242 341
242 342
242 343
245 345
245 346
246 347
247 348
247 349
248 350
249 350
249 351
249 352
250 352
251 353
251 354
251 355
251 356
253 357
254 357
254 358
254 359
255 363
256 363
256 364
256 365
256 366
256 367
257 368
259 370
260 371
261 371
262 372
262 373
262 374
263 375
263 376
264 377
265 378
266 380
266 381
266 382
267 385
268 385
268 386
269 388
270 389
271 389
273 390
274 390
275 391
277 396
278 396
279 397
282 399
282 400
283 400
284 400
285 402
286 402
286 403
286 404
287 404
287 405
287 406
287 407
288 407
288 408
289 408
290 409
291 410
292 410
293 412
293 413
293 414
293 415
294 416
296 418
297 418
299 419
299 420
299 421
299 422
302 427
302 428
302 429
303 429
303 430
304 430
305 431
306 431
307 432
309 435
311 436
312 436
313 437
313 438
313 439
314 439
314 440
314 441
314 442
315 444
316 446
317 448
317 449
318 449
319 449
319 450
319 451
320 454
320 455
321 456
322 457
323 459
324 460
325 461
325 462
325 463
325 464
326 465
327 466
327 467
328 472
328 473
330 474
331 474
332 478
333 479
333 480
334 480
334 481
335 481
335 482
337 483
340 486
341 487
341 488
343 490
344 491
344 492
345 493
346 493
346 494
347 494
347 495
350 497
350 498
352 500
353 500
354 502
355 503
355 504
357 506
358 506
358 507
358 508
360 509
362 511
362 512
363 513
364 513
364 514
365 516
366 517
367 517
367 518
368 521
370 522
371 523
376 524
377 525
380 528
380 529
381 530
381 531
385 535
385 536
385 537
386 539
386 540
387 541
387 542
390 544
393 545
394 546
396 547
396 548
397 548
398 549
399 551
399 552
399 553
401 554
403 556
404 557
404 558
405 559
405 560
406 561
407 562
408 562
409 564
410 565
411 566
413 567
414 567
415 568
417 570
418 571
418 572
418 573
418 574
419 574
420 575
420 576
421 576
421 577
422 577
422 578
423 578
423 579
424 581
425 582
425 583
426 583
427 584
428 585
431 589
431 590
432 590
432 591
433 592
435 593
437 594
437 595
438 595
439 597
441 598
441 599
445 603
446 604
447 604
448 604
449 606
450 606
451 606
452 607
453 607
454 608
456 614
456 615
458 617
458 618
459 620
459 621
460 622
461 623
461 624
462 624
464 625
464 626
466 628
467 628
468 629
468 630
468 631
468 632
468 633
468 634
470 637
471 638
472 639
475 641
475 642
476 645
477 648
477 649
478 649
480 652
481 653
482 653
483 655
483 656
484 657
485 659
486 660
486 661
486 662
487 662
488 663
489 663
490 664
491 665
492 666
492 667
493 668
493 669
494 670
495 670
497 674
500 675
501 675
502 676
502 677
503 677
504 679
506 680
507 681
509 682
510 682
510 683
511 684
511 685
512 686
513 688
514 689
516 691
518 692
519 694
519 695
519 696
519 697
521 700
521 701
521 702
522 703
523 703
524 704
524 705
526 706
529 707
529 708
529 709
530 710
531 711
532 712
533 712
534 715
534 716
537 718
538 723
540 724
541 725
541 726
542 727
543 729
544 730
545 732
545 733
546 733
547 736
548 737
549 738
550 740
550 741
551 743
553 748
553 749
554 749
555 750
555 751
556 752
557 753
558 754
559 754
563 755
564 758
565 759
566 759
566 760
567 760
567 761
568 762
569 762
570 764
571 765
572 766
573 769
573 770
573 771
573 772
575 775
575 776
576 777
576 778
577 779
579 781
580 781
580 782
581 784
581 785
582 785
583 786
585 789
586 790
586 791
586 792
587 792
588 795
589 795
589 796
590 798
592 799
593 800
593 801
593 802
594 805
595 805
596 806
596 807
596 808
598 810
599 810
602 813
603 814
604 814
605 815
605 816
606 816
606 817
607 818
607 819
608 823
609 823
609 824
609 825
609 826
609 827
610 829
611 830
612 831
612 832
613 835
614 837
616 838
617 839
619 842
620 843
621 844
622 844
623 845
627 846
628 846
630 848
631 849
634 853
634 854
635 856
636 856
636 857
638 858
638 859
639 859
639 860
640 861
641 862
644 863
647 868
648 869
648 870
649 871
650 872
650 873
651 874
652 875
653 877
654 877
655 878
656 878
657 879
659 880
660 881
660 882
660 883
662 885
663 885
667 887
668 887
669 888
670 889
671 890
672 891
673 891
675 894
676 894
676 895
677 896
678 896
679 897
679 898
680 899
681 899
681 900
681 901
682 901
683 902
683 903
684 905
685 906
686 906
686 907
687 907
688 908
689 909
689 910
690 910
690 911
690 912
691 913
692 914
692 915
693 916
693 917
694 919
694 920
694 921
695 922
697 924
698 924
699 924
700 924
700 925
701 925
701 926
702 927
703 928
703 929
706 933
708 935
710 937
711 939
712 941
713 943
713 944
716 947
717 948
720 949
720 950
720 951
721 951
722 951
723 951
723 952
724 953
724 954
724 955
726 959
728 960
729 962
729 963
729 964
730 965
731 965
731 966
732 966
732 967
733 968
733 969
734 972
734 973
736 974
737 975
738 976
739 976
740 978
741 980
743 981
743 982
744 982
744 983
745 984
746 984
747 986
748 988
751 990
751 991
752 992
752 993
752 994
753 994
755 995
755 996
756 996
756 997
757 997
758 998
759 1000
762 1002
763 1002
764 1003
765 1003
765 1004
765 1005
766 1006
767 1006
768 1010
769 1012
770 1013
770 1014
770 1015
775 1018
775 1019
775 1020
775 1021
775 1022
776 1022
776 1023
777 1026
779 1027
780 1028
781 1029
781 1030
782 1035
782 1036
783 1039
784 1040
785 1040
786 1040
787 1041
788 1042
789 1044
790 1045
790 1046
790 1047
790 1048
791 1049
792 1050
792 1051
794 1054
794 1055
795 1055
796 1057
796 1058
796 1059
797 1060
797 1061
798 1063
799 1064
800 1064
801 1065
802 1066
803 1067
804 1068
805 1072
806 1073
808 1074
809 1076
809 1077
811 1085
812 1086
812 1087
812 1088
813 1088
813 1089
814 1091
814 1092
815 1093
816 1094
816 1095
817 1095
819 1096
819 1097
820 1097
821 1098
822 1098
823 1098
823 1099
824 1099
825 1099
825 1100
826 1100
826 1101
826 1102
826 1103
827 1105
827 1106
828 1106
829 1107
830 1108
831 1109
833 1112
834 1113
835 1113
836 1115
836 1116
837 1117
838 1119
839 1119
839 1120
839 1121
840 1121
841 1122
841 1123
842 1125
843 1128
844 1128
845 1129
846 1130
847 1131
848 1134
849 1134
849 1135
849 1136
851 1137
852 1138
853 1140
854 1141
855 1141
857 1143
858 1144
858 1145
859 1146
860 1146
860 1147
861 1147
862 1150
863 1151
864 1151
864 1152
865 1153
865 1154
866 1159
867 1160
868 1163
869 1163
869 1164
869 1165
871 1166
871 1167
871 1168
871 1169
871 1170
872 1174
873 1175
873 1176
874 1176
874 1177
875 1177
875 1178
876 1178
879 1183
880 1183
880 1184
881 1186
882 1188
883 1188
884 1188
884 1189
884 1190
887 1192
888 1193
888 1194
889 1195
891 1196
892 1197
893 1198
893 1199
894 1200
894 1201
894 1202
894 1203
894 1204
894 1205
895 1205
896 1205
899 1208
900 1209
900 1210
900 1211
900 1212
901 1214
901 1215
902 1216
903 1217
904 1217
905 1218
906 1218
907 1220
909 1221
910 1222
911 1223
912 1223
912 1224
913 1225
914 1225
914 1226
915 1226
916 1227
917 1228
917 1229
918 1231
919 1233
919 1234
921 1235
922 1235
922 1236
923 1238
924 1239
925 1240
925 1241
925 1242
925 1243
925 1244
928 1245
930 1246
930 1247
931 1247
932 1248
932 1249
933 1249
934 1249
934 1250
934 1251
935 1251
936 1252
936 1253
938 1255
938 1256
939 1256
940 1258
941 1259
941 1260
941 1261
942 1262
942 1263
943 1263
943 1264
943 1265
944 1266
945 1266
946 1267
947 1268
949 1269
950 1269
952 1270
953 1271
956 1273
957 1273
958 1274
959 1275
960 1275
961 1277
963 1278
964 1280
965 1281
965 1282
966 1282
967 1284
969 1285
970 1285
971 1285
971 1286
975 1288
975 1289
977 1290
977 1291
977 1292
978 1293
980 1295
981 1295
981 1296
982 1298
982 1299
983 1299
983 1300
984 1301
984 1302
985 1303
985 1304
986 1305
986 1306
987 1307
987 1308
988 1309
988 1310
989 1311
989 1312
990 1314
991 1315
991 1316
992 1316
993 1317
993 1318
995 1319
998 1321
998 1322
999 1323
1000 1326
1001 1327
1002 1327
1003 1328
1008 1333
1009 1334
1010 1334
1011 1334
1012 1336
1012 1337
1013 1338
1014 1339
1015 1339
1016 1340
1017 1341
1018 1344
1018 1345
1019 1346
1020 1346
1021 1347
1023 1348
1024 1348
1024 1349
1025 1349
1026 1350
1026 1351
1027 1351
1028 1355
1029 1356
1032 1357
1033 1359
1034 1359
1035 1360
1036 1364
1039 1368
1040 1369
1041 1369
1041 1370
1041 1371
1042 1372
1043 1373
1044 1373
1044 1374
1047 1376
1048 1377
1049 1378
1050 1378
1051 1381
1052 1382
1054 1383
1054 1384
1054 1385
1058 1387
1059 1387
1060 1388
1061 1389
1062 1389
1063 1390
1064 1391
1067 1393
1068 1394
1069 1395
1071 1397
1072 1398
1072 1399
1073 1399
1073 1400
1074 1401
1074 1402
1077 1404
1078 1404
1078 1405
1079 1408
1079 1409
1080 1410
1083 1411
1083 1412
1084 1413
1085 1414
1085 1415
1085 1416
1085 1417
1086 1419
1086 1420
1087 1421
1087 1422
1088 1425
1089 1426
1090 1427
1091 1429
1092 1431
1093 1431
1094 1432
1094 1433
1094 1434
1097 1437
1099 1440
1099 1441
1100 1441
1100 1442
1101 1443
1102 1445
1103 1446
1105 1448
1106 1450
1107 1451
1108 1452
1108 1453
1108 1454
1109 1454
1111 1455
1111 1456
1113 1458
1117 1460
1118 1462
1119 1464
1122 1467
1123 1468
1124 1470
1124 1471
1125 1472
1126 1473
1126 1474
1126 1475
1127 1476
1128 1477
1130 1479
1131 1480
1131 1481
1131 1482
1132 1485
1133 1485
1134 1485
1134 1486
1135 1486
1136 1488
1136 1489
1137 1490
1137 1491
1138 1491
1138 1492
1141 1493
1142 1493
1143 1494
1144 1495
1145 1497
1146 1498
1146 1499
1146 1500
1147 1500
1148 1504
1149 1508
1149 1509
1150 1509
1151 1510
1151 1511
1152 1512
1152 1513
1153 1513
1154 1515
1155 1516
1156 1517
1157 1518
1157 1519
1157 1520
1158 1521
1158 1522
1158 1523
1158 1524
1158 1525
1159 1527
1159 1528
1160 1529
1161 1529
1161 1530
1161 1531
1162 1531
1163 1531
1164 1532
1165 1534
1166 1535
1167 1535
1168 1536
1169 1536
1170 1537
1170 1538
1171 1540
1172 1541
1173 1541
1175 1543
1177 1544
1178 1545
1179 1545
1179 1546
1180 1546
1180 1547
1180 1548
1183 1550
1183 1551
1184 1552
1184 1553
1184 1554
1186 1562
1187 1564
1188 1566
1190 1568
1191 1568
1192 1569
1193 1570
1193 1571
1193 1572
1194 1572
1195 1573
1197 1574
1197 1575
1198 1575
1198 1576
1198 1577
1199 1577
1200 1578
1201 1579
1202 1579
1202 1580
1202 1581
1203 1582
1206 1586
1206 1587
1206 1588
1207 1589
1207 1590
1208 1591
1209 1595
1210 1597
1211 1598
1212 1599
1212 1600
1214 1602
1214 1603
1215 1603
1216 1603
1217 1604
1217 1605
1218 1605
1219 1606
1220 1607
1221 1608
1222 1609
1223 1609
1224 1610
1225 1611
1226 1612
1227 1613
1228 1613
1228 1614
1228 1615
1228 1616
1228 1617
1229 1617
1229 1618
1230 1620
1230 1621
1231 1622
1231 1623
1232 1625
1234 1626
1235 1626
1236 1626
1238 1628
1239 1630
1239 1631
1239 1632
1239 1633
1240 1633
1240 1634
1240 1635
1240 1636
1241 1637
1242 1639
1243 1640
1244 1641
1246 1642
1246 1643
1246 1644
1246 1645
1246 1646
1247 1647
1247 1648
1248 1649
1249 1649
1251 1650
1252 1650
1252 1651
1254 1653
1255 1653
1256 1657
1257 1657
1257 1658
1257 1659
1257 1660
1257 1661
1259 1662
1260 1662
1260 1663
1262 1664
1262 1665
1262 1666
1263 1667
1264 1667
1265 1668
1265 1669
1267 1670
1267 1671
1268 1672
1270 1673
1272 1674
1272 1675
1273 1677
1274 1677
1274 1678
1274 1679
1274 1680
1275 1681
1275 1682
1276 1683
1276 1684
1276 1685
1277 1685
1277 1686
1278 1687
1279 1688
1280 1688
1281 1689
1283 1692
1284 1693
1285 1693
1286 1694
1286 1695
1286 1696
1287 1700
1288 1700
1288 1701
1289 1701
1290 1702
1290 1703
1290 1704
1291 1705
1291 1706
1292 1706
1292 1707
1293 1708
1293 1709
1293 1710
1294 1711
1294 1712
1294 1713
1295 1716
1296 1717
1297 1718
1298 1719
1299 1720
1300 1721
1304 1722
1305 1723
1306 1726
1306 1727
1307 1730
1308 1732
1309 1734
1310 1735
1311 1736
1312 1736
1313 1737
1314 1738
1315 1739
1316 1743
1316 1744
1317 1745
1318 1746
1319 1746
1321 1749
1323 1752
1324 1753
1324 1754
1324 1755
1325 1755
1326 1756
1326 1757
1326 1758
1327 1760
1327 1761
1329 1765
1329 1766
1330 1767
1331 1768
1332 1769
1333 1770
1334 1771
1337 1772
1340 1774
1341 1774
1343 1776
1343 1777
1344 1777
1344 1778
1345 1779
1345 1780
1346 1781
1347 1782
1348 1782
1348 1783
1349 1785
1350 1786
1351 1786
1351 1787
1352 1788
1353 1788
1354 1788
1354 1789
1355 1790
1356 1792
1357 1794
1358 1794
1359 1796
1360 1798
1360 1799
1361 1799
1361 1800
1362 1802
1362 1803
1363 1803
1366 1804
1367 1804
1368 1805
1369 1806
1370 1808
1371 1811
1373 1812
1373 1813
1374 1814
1374 1815
1375 1815
1375 1816
1376 1817
1377 1818
1377 1819
1377 1820
1378 1823
1378 1824
1379 1825
1380 1825
1383 1828
1385 1837
1385 1838
1386 1838
1388 1839
1388 1840
1389 1841
1390 1843
1391 1843
1391 1844
1391 1845
1392 1846
1393 1847
1394 1848
1395 1850
1396 1852
1397 1854
1398 1854
1399 1855
1399 1856
1400 1856
1401 1857
1401 1858
1401 1859
1402 1860
1403 1861
1404 1862
1404 1863
1405 1864
1408 1871
1409 1873
1410 1874
1410 1875
1410 1876
1410 1877
1413 1879
1413 1880
1414 1880
1415 1880
1415 1881
1416 1887
1416 1888
1417 1888
1418 1888
1419 1889
1420 1891
1421 1892
1422 1892
1423 1892
1424 1894
1425 1894
1427 1896
1428 1897
1429 1897
1429 1898
1430 1900
1431 1901
1433 1902
1434 1904
1436 1908
1439 1909
1439 1910
1439 1911
1440 1911
1441 1912
1442 1913
1445 1915
1445 1916
1446 1918
1448 1919
1449 1920
1450 1921
1450 1922
1452 1923
1452 1924
1454 1925
1454 1926
1454 1927
1454 1928
1454 1929
1454 1930
1455 1931
1456 1933
1457 1934
1458 1935
1459 1936
1460 1937
1460 1938
1460 1939
1460 1940
1461 1940
1461 1941
1463 1942
1464 1944
1464 1945
1465 1945
1467 1951
1467 1952
1469 1953
1469 1954
1471 1955
1471 1956
1472 1957
1473 1959
1474 1961
1475 1962
1476 1962
1477 1963
1478 1963
1479 1963
1481 1964
1482 1964
1482 1965
1483 1966
1484 1967
1486 1971
1487 1972
1488 1973
1489 1973
1490 1974
1491 1975
1492 1976
1493 1976
1493 1977
1493 1978
1494 1979
1494 1980
1495 1982
1496 1983
1497 1985
1497 1986
1500 1987
1500 1988
1501 1989
1502 1990
1502 1991
1503 1992
1504 1992
1504 1993
1506 1997
1506 1998
1507 1999
1508 1999
1509 2000
1510 2000
1510 2001
1510 2002
1511 2002
1512 2002
1513 2003
1513 2004
1514 2004
1514 2005
1514 2006
1514 2007
1515 2007
1517 2008
1518 2009
1522 2010
1523 2011
1524 2012
1526 2013
1527 2014
1527 2015
1528 2016
1528 2017
1529 2019
1530 2020
1531 2021
1531 2022
1533 2024
1534 2024
1534 2025
1535 2025
1536 2027
1537 2028
1538 2029
1539 2029
1541 2032
1541 2033
1541 2034
1541 2035
1543 2037
1547 2038
1548 2039
1548 2040
1549 2041
1550 2042
1551 2042
1552 2043
1553 2046
1554 2046
1555 2047
1556 2049
1558 2050
1558 2051
1558 2052
1561 2055
1562 2056
1562 2057
1563 2059
1564 2059
1567 2060
1568 2061
1568 2062
1569 2062
1569 2063
1570 2063
1571 2064
1572 2064
1573 2065
1576 2067
1577 2071
1579 2073
1579 2074
1581 2075
1582 2075
1582 2076
1583 2077
1583 2078
1584 2078
1584 2079
1585 2079
1586 2079
1587 2079
1588 2080
1591 2084
1592 2084
1593 2085
1593 2086
1595 2087
1596 2087
1597 2088
1598 2088
1598 2089
1599 2093
1599 2094
1601 2097
1603 2098
1603 2099
1604 2100
1605 2101
1606 2101
1606 2102
1606 2103
1606 2104
1607 2104
1608 2104
1608 2105
1608 2106
1608 2107
1609 2109
1609 2110
1609 2111
1610 2112
1611 2113
1612 2113
1612 2114
1613 2115
1618 2117
1618 2118
1618 2119
1619 2120
1620 2122
1621 2125
1623 2127
1623 2128
1623 2129
1624 2131
1625 2131
1626 2132
1627 2133
1628 2135
1629 2136
1629 2137
1631 2138
1632 2139
1634 2140
1634 2141
1635 2143
1635 2144
1637 2145
1638 2146
1638 2147
1638 2148
1639 2148
1641 2152
1641 2153
1642 2157
1644 2161
1644 2162
1645 2162
1646 2163
1647 2164
1649 2165
1650 2165
1651 2166
1652 2167
1652 2168
1652 2169
1653 2170
1654 2171
1654 2172
1655 2172
1656 2173
1656 2174
1657 2177
1658 2179
1659 2180
1659 2181
1660 2184
1660 2185
1660 2186
1661 2186
1662 2188
1663 2189
1663 2190
1664 2193
1665 2193
1666 2193
1666 2194
1666 2195
1667 2196
1668 2197
1669 2199
1670 2200
1671 2202
1674 2204
1675 2212
1675 2213
1676 2216
1676 2217
1680 2219
1681 2220
1682 2222
1683 2223
1683 2224
1684 2225
1685 2226
1686 2228
1689 2229
1693 2232
1694 2233
1694 2234
1694 2235
1696 2237
1697 2239
1698 2240
1699 2241
1699 2242
1701 2244
1702 2245
1702 2246
1702 2247
1702 2248
1703 2248
1703 2249
1704 2251
1705 2252
1706 2253
1707 2253
1707 2254
1708 2256
1710 2257
1710 2258
1711 2258
1712 2258
1714 2259
1714 2260
1714 2261
1714 2262
1716 2263
1716 2264
1716 2265
1717 2265
1718 2265
1718 2266
1719 2267
1720 2268
1720 2269
1721 2270
1722 2271
1722 2272
1725 2276
1725 2277
1726 2278
1727 2278
1727 2279
1727 2280
1728 2280
1729 2280
1729 2281
1730 2283
1731 2284
1732 2287
1732 2288
1733 2289
1734 2290
1734 2291
1734 2292
1735 2292
1737 2295
1738 2297
1739 2297
1741 2298
1742 2298
1743 2301
1745 2302
1746 2304
1747 2305
1747 2306
1747 2307
1748 2308
1749 2309
1749 2310
1749 2311
1750 2312
1750 2313
1750 2314
1751 2318
1751 2319
1754 2320
1755 2321
1755 2322
1755 2323
1755 2324
1756 2326
1756 2327
1756 2328
1757 2329
1759 2331
1760 2332
1762 2333
1764 2338
1765 2339
1767 2341
1768 2342
1770 2343
1771 2344
1772 2345
1773 2347
1773 2348
1774 2348
1775 2349
1775 2350
1776 2350
1776 2351
1778 2352
1778 2353
1778 2354
1779 2356
1780 2356
1780 2357
1781 2357
1781 2358
1782 2358
1782 2359
1783 2361
1785 2362
1786 2364
1786 2365
1787 2365
1787 2366
1787 2367
1788 2369
1789 2372
1792 2375
1792 2376
1793 2376
1794 2377
1795 2377
1796 2378
1797 2379
1798 2380
1798 2381
1800 2382
1801 2383
1802 2384
1803 2386
1805 2387
1805 2388
1805 2389
1807 2395
1807 2396
1807 2397
1807 2398
1808 2398
1809 2400
1809 2401
1810 2402
1810 2403
1810 2404
1810 2405
1811 2406
1812 2406
1814 2408
1815 2409
1816 2409
1818 2410
1818 2411
1819 2413
1819 2414
1819 2415
1821 2416
1822 2416
1823 2416
1824 2416
1825 2417
1826 2418
1827 2419
1827 2420
1828 2420
1829 2421
1831 2423
1831 2424
1832 2427
1833 2427
1834 2428
1834 2429
1834 2430
1835 2431
1836 2431
1836 2432
1837 2434
1838 2435
1838 2436
1839 2436
1840 2437
1840 2438
1841 2439
1843 2440
1843 2441
1843 2442
1844 2445
1844 2446
1847 2448
1848 2450
1848 2451
1849 2452
1850 2453
1852 2454
1854 2457
1854 2458
1855 2458
1856 2458
1857 2460
1857 2461
1858 2462
1858 2463
1858 2464
1858 2465
1858 2466
1859 2466
1860 2469
1862 2471
1862 2472
1862 2473
1862 2474
1863 2475
1863 2476
1864 2477
1865 2477
1866 2477
1867 2477
1868 2478
1869 2478
1870 2479
1871 2480
1873 2483
1874 2483
1875 2484
1876 2484
1876 2485
1877 2488
1878 2488
1879 2488
1879 2489
1881 2490
1882 2490
1882 2491
1882 2492
1883 2494
1884 2496
1885 2496
1886 2498
1887 2499
1888 2500
1889 2500
1890 2501
1890 2502
1891 2503
1892 2504
1893 2504
1893 2505
1894 2505
1895 2507
1897 2509
1897 2510
1897 2511
1898 2511
1898 2512
1898 2513
1899 2514
1900 2515
1901 2515
1901 2516
1902 2516
1903 2518
1904 2519
1904 2520
1905 2520
1905 2521
1905 2522
1905 2523
1906 2525
1908 2526
1908 2527
1909 2529
1910 2530
1910 2531
1910 2532
1911 2533
1912 2534
1914 2539
1915 2540
1916 2541
1917 2541
1918 2542
1921 2545
1922 2546
1923 2547
1924 2548
1925 2549
1927 2552
1927 2553
1928 2553
1929 2554
1930 2555
1930 2556
1930 2557
1930 2558
1931 2558
1932 2559
1933 2560
1935 2563
1935 2564
1937 2566
1938 2566
1939 2566
1940 2566
1941 2566
1941 2567
1941 2568
1942 2568
1946 2573
1947 2575
1949 2579
1950 2581
1951 2582
1952 2583
1953 2584
1953 2585
1953 2586
1953 2587
1953 2588
1954 2589
1954 2590
1955 2591
1955 2592
1955 2593
1955 2594
1955 2595
1955 2596
1957 2598
1958 2598
1958 2599
1960 2600
1961 2603
1962 2604
1962 2605
1962 2606
1963 2606
1964 2606
1964 2607
1965 2608
1966 2609
1967 2611
1968 2612
1969 2612
1970 2613
1970 2614
1971 2615
1971 2616
1971 2617
1972 2618
1973 2620
1975 2621
1976 2621
1976 2622
1977 2622
1977 2623
1978 2623
1979 2624
1981 2625
1982 2625
1982 2626
1983 2627
1984 2629
1985 2631
1985 2632
1986 2633
1987 2635
1987 2636
1988 2637
1989 2637
1990 2638
1991 2639
1992 2639
1994 2643
1994 2644
1995 2644
1995 2645
1996 2645
1997 2646
1998 2646
1999 2646
2000 2647
2003 2649
2004 2650
2005 2650
2006 2652
2007 2655
2008 2656
2008 2657
2009 2657
2009 2658
2010 2660
2011 2660
2011 2661
2012 2661
2012 2662
2013 2665
2014 2667
2016 2668
2017 2670
2019 2672
2020 2674
2021 2675
2022 2676
2023 2677
2024 2677
2024 2678
2025 2679
2026 2680
2027 2681
2030 2682
2030 2683
2030 2684
2030 2685
2030 2686
2031 2688
2033 2690
2035 2691
2035 2692
2036 2694
2037 2696
2039 2697
2039 2698
2039 2699
2040 2700
2041 2701
2041 2702
2042 2702
2043 2703
2043 2704
2045 2706
2047 2708
2048 2709
2049 2709
2049 2710
2049 2711
2050 2712
2051 2714
2052 2716
2053 2716
2054 2717
2055 2718
2055 2719
2056 2720
2056 2721
2057 2722
2058 2724
2060 2728
2061 2731
2061 2732
2062 2732
2063 2735
2064 2736
2065 2736
2066 2737
2068 2739
2070 2740
2070 2741
2071 2742
2072 2743
2073 2746
2074 2750
2074 2751
2075 2751
2076 2751
2077 2752
2077 2753
2078 2754
2079 2754
2079 2755
2080 2756
2080 2757
2081 2758
2083 2759
2084 2760
2086 2762
2086 2763
2087 2763
2088 2766
2088 2767
2089 2767
2091 2770
2091 2771
2091 2772
2091 2773
2095 2781
2098 2782
2099 2783
2099 2784
2100 2784
2100 2785
2101 2788
2104 2789
2104 2790
2105 2793
2105 2794
2105 2795
2106 2796
2108 2797
2109 2797
2109 2798
2112 2802
2112 2803
2112 2804
2113 2805
2116 2806
2116 2807
2117 2810
2117 2811
2118 2812
2119 2814
2120 2814
2121 2814
2122 2814
2123 2815
2124 2816
2124 2817
2124 2818
2126 2819
2126 2820
2127 2820
2130 2822
2130 2823
2130 2824
2130 2825
2131 2826
2132 2826
2133 2826
2134 2827
2134 2828
2134 2829
2135 2830
2136 2831
2136 2832
2137 2832
2138 2833
2139 2834
2140 2835
2140 2836
2140 2837
2140 2838
2141 2838
2143 2839
2143 2840
2144 2841
2145 2842
2145 2843
2146 2843
2147 2843
2149 2845
2150 2846
2151 2847
2151 2848
2151 2849
2152 2849
2153 2849
2155 2851
2156 2851
2157 2851
2159 2852
2160 2852
2160 2853
2161 2853
2161 2854
2162 2855
2163 2857
2164 2858
2164 2859
2165 2860
2166 2861
2166 2862
2166 2863
2167 2863
2169 2867
2169 2868
2169 2869
2169 2870
2170 2870
2171 2870
2171 2871
2172 2872
2173 2873
2174 2874
2175 2874
2176 2874
2177 2874
2178 2874
2179 2875
2179 2876
2180 2877
2180 2878
2181 2881
2183 2882
2184 2884
2184 2885
2185 2885
2186 2887
2187 2887
2187 2888
2189 2890
2190 2890
2191 2892
2191 2893
2192 2894
2193 2895
2196 2897
2197 2898
2197 2899
2201 2902
2202 2903
2202 2904
2203 2904
2203 2905
2203 2906
2204 2907
2204 2908
2205 2912
2205 2913
2205 2914
2208 2916
2208 2917
2209 2918
2209 2919
2209 2920
2210 2920
2211 2921
2212 2921
2213 2921
2214 2923
2215 2923
2216 2924
2216 2925
2217 2927
2218 2929
2219 2930
2219 2931
2220 2932
2221 2933
2222 2933
2223 2933
2224 2933
2226 2937
2229 2938
2229 2939
2229 2940
2229 2941
2230 2942
2230 2943
2231 2944
2232 2944
2236 2948
2237 2948
2238 2949
2240 2952
2242 2956
2244 2957
2247 2959
2247 2960
2247 2961
2248 2962
2250 2968
2250 2969
2252 2970
2252 2971
2253 2971
2253 2972
2254 2972
2255 2973
2256 2975
2256 2976
2257 2977
2257 2978
2258 2980
2259 2980
2261 2982
2261 2983
2261 2984
2262 2985
2263 2986
2264 2987
2265 2988
2267 2991
2270 2993
2270 2994
2270 2995
2272 2997
2273 2998
2273 2999
2274 3001
2274 3002
2275 3002
2276 3002
2277 3003
2278 3005
2279 3006
2280 3007
2281 3007
2282 3008
2283 3009
2284 3010
2285 3011
2286 3011
2287 3011
2287 3012
2287 3013
2288 3014
2289 3015
2290 3015
2290 3016
2291 3017
2292 3018
2293 3018
2294 3019
2294 3020
2295 3021
2296 3024
2296 3025
2298 3026
2298 3027
2299 3027
2300 3029
2301 3031
2302 3033
2302 3034
2302 3035
2302 3036
2303 3038
2303 3039
2306 3040
2307 3042
2308 3042
2308 3043
2309 3043
2310 3044
2311 3045
2312 3046
2312 3047
2313 3047
2316 3052
2317 3054
2319 3055
2321 3059
2322 3060
2322 3061
2324 3062
2325 3062
2326 3062
2326 3063
2327 3063
2327 3064
2327 3065
2328 3066
2329 3067
2330 3067
2332 3069
2332 3070
2333 3071
2333 3072
2334 3073
2335 3074
2335 3075
2335 3076
2336 3077
2336 3078
2337 3079
2337 3080
2338 3081
2339 3081
2340 3082
2341 3083
2342 3084
2342 3085
2342 3086
2343 3088
2343 3089
2344 3090
2344 3091
2344 3092
2345 3092
2348 3093
2349 3094
2350 3094
2351 3094
2351 3095
2351 3096
2353 3102
2354 3104
2355 3104
2356 3105
2357 3106
2357 3107
2358 3109
2358 3110
2359 3111
2360 3116
2362 3118
2362 3119
2362 3120
2363 3121
2364 3121
2364 3122
2365 3124
2367 3126
2367 3127
2368 3128
2368 3129
2368 3130
2368 3131
2368 3132
2368 3133
2369 3133
2370 3135
2371 3141
2372 3141
2372 3142
2373 3142
2373 3143
2374 3143
2376 3144
2377 3145
2378 3146
2378 3147
2380 3148
2380 3149
2383 3150
2383 3151
2383 3152
2383 3153
2384 3155
2385 3157
2386 3157
2387 3158
2388 3158
2388 3159
2388 3160
2389 3161
2389 3162
2389 3163
2390 3164
2391 3165
2392 3165
2393 3169
2395 3170
2396 3170
2398 3171
2399 3172
2402 3175
2403 3176
2403 3177
2403 3178
2404 3180
2405 3182
2405 3183
2405 3184
2405 3185
2406 3185
2407 3186
2407 3187
2408 3187
2409 3188
2410 3189
2410 3190
2410 3191
2413 3193
2415 3194
2415 3195
2415 3196
2415 3197
2417 3200
2418 3202
2418 3203
2419 3205
2421 3207
2422 3208
2423 3208
2424 3208
2425 3208
2426 3210
2429 3214
2430 3216
2430 3217
2431 3217
2431 3218
2432 3220
2433 3221
2434 3222
2435 3222
2436 3223
2436 3224
2436 3225
2437 3226
2438 3227
2439 3227
2440 3228
2440 3229
2440 3230
2441 3231
2442 3231
